0.0000 0.0000 0.0000 0.0000 0.0000 0.0000 0.0000 1.0000
1.0000 0.3876 0.0252 0.0125 -0.0000 -0.0006 -0.0001 1.0000
2.0000 0.9074 0.0165 0.0055 0.0001 -0.0004 -0.0001 1.0000
3.0000 1.4377 -0.0018 0.0019 0.0001 -0.0002 -0.0001 1.0000
4.0000 1.7001 0.0057 0.0032 0.0003 -0.0001 -0.0000 1.0000
5.0000 2.2468 -0.0107 0.0041 0.0002 -0.0000 0.0009 1.0000
6.0000 2.5317 0.0242 0.0061 0.0005 -0.0009 0.0041 1.0000
7.0000 3.0418 0.0104 0.0027 0.0005 -0.0003 0.0137 0.9999
8.0000 3.5875 0.0638 -0.0008 0.0004 -0.0003 0.0210 0.9998
9.0000 4.0832 0.1011 -0.0031 0.0003 -0.0003 0.0222 0.9998
10.0000 4.3541 0.1021 -0.0002 0.0003 -0.0000 0.0214 0.9998
11.0000 4.8756 0.1347 -0.0110 -0.0009 0.0034 0.0214 0.9998
12.0000 5.1203 0.1490 -0.0068 0.0003 -0.0005 0.0219 0.9998
13.0000 5.6328 0.2181 -0.0062 0.0001 -0.0003 0.0214 0.9998
14.0000 6.4236 0.2245 -0.0072 -0.0002 -0.0002 0.0204 0.9998
15.0000 6.7157 0.2382 -0.0079 -0.0002 0.0001 0.0210 0.9998
16.0000 6.9265 0.2527 -0.0093 -0.0004 -0.0002 0.0201 0.9998
17.0000 7.2090 0.2593 -0.0104 -0.0004 0.0001 0.0213 0.9998
18.0000 7.9957 0.2715 -0.0102 -0.0003 -0.0001 0.0203 0.9998
19.0000 8.5054 0.2852 -0.0152 -0.0002 -0.0002 0.0207 0.9998
20.0000 9.0117 0.3154 -0.0155 -0.0003 -0.0002 0.0207 0.9998
21.0000 9.3116 0.3260 -0.0048 -0.0002 0.0006 0.0206 0.9998
22.0000 9.5244 0.3369 -0.0192 -0.0003 -0.0001 0.0206 0.9998
23.0000 10.0881 0.3506 -0.0068 -0.0001 0.0001 0.0206 0.9998
24.0000 10.6199 0.3685 -0.0140 -0.0002 0.0000 0.0206 0.9998
25.0000 11.1979 0.3917 -0.0212 -0.0002 -0.0004 0.0205 0.9998
26.0000 11.7604 0.4191 -0.0186 -0.0001 -0.0005 0.0206 0.9998
27.0000 12.1045 0.4389 -0.0200 -0.0001 -0.0011 0.0205 0.9998
28.0000 12.3992 0.4409 -0.0191 -0.0001 -0.0007 0.0206 0.9998
29.0000 13.0135 0.4684 -0.0196 -0.0001 -0.0008 0.0206 0.9998
30.0000 13.9825 0.5173 -0.0258 -0.0002 -0.0015 0.0204 0.9998
31.0000 14.3176 0.5281 -0.0203 -0.0001 -0.0011 0.0204 0.9998
32.0000 14.9752 0.5538 -0.0240 -0.0002 -0.0013 0.0205 0.9998
33.0000 15.3234 0.5650 -0.0278 -0.0002 -0.0016 0.0204 0.9998
34.0000 16.0002 0.5932 -0.0289 -0.0003 -0.0017 0.0204 0.9998
35.0000 16.6980 0.6194 -0.0302 -0.0002 -0.0018 0.0204 0.9998
36.0000 17.7773 0.6672 -0.0237 -0.0002 -0.0016 0.0204 0.9998
37.0000 18.1385 0.6737 -0.0264 -0.0002 -0.0019 0.0204 0.9998
38.0000 18.5287 0.6959 -0.0231 -0.0002 -0.0016 0.0204 0.9998
39.0000 18.8746 0.6966 -0.0275 -0.0002 -0.0019 0.0204 0.9998
40.0000 20.0370 0.7518 -0.0247 -0.0002 -0.0017 0.0203 0.9998
41.0000 20.4311 0.7705 -0.0303 -0.0003 -0.0020 0.0204 0.9998
42.0000 21.6087 0.8205 -0.0260 -0.0002 -0.0018 0.0204 0.9998
43.0000 22.0053 0.8201 -0.0280 -0.0003 -0.0022 0.0204 0.9998
44.0000 22.4162 0.8492 -0.0249 -0.0002 -0.0018 0.0203 0.9998
45.0000 23.2246 0.8799 -0.0278 -0.0002 -0.0018 0.0204 0.9998
46.0000 24.0687 0.9117 -0.0300 -0.0002 -0.0014 0.0204 0.9998
47.0000 24.8882 0.9465 -0.0270 -0.0002 -0.0011 0.0204 0.9998
48.0000 25.2903 0.9490 -0.0291 -0.0003 -0.0017 0.0203 0.9998
49.0000 26.1182 0.9831 -0.0323 -0.0002 -0.0016 0.0203 0.9998
50.0000 26.5475 1.0175 -0.0285 -0.0001 -0.0011 0.0203 0.9998
51.0000 27.3809 1.0375 -0.0335 -0.0002 -0.0013 0.0203 0.9998
52.0000 28.2363 1.0742 -0.0277 -0.0004 -0.0029 0.0203 0.9998
53.0000 29.1013 1.1199 -0.0376 -0.0001 -0.0018 0.0202 0.9998
54.0000 29.5448 1.1355 -0.0346 -0.0001 -0.0016 0.0203 0.9998
55.0000 30.4097 1.1700 -0.0392 0.0005 0.0008 0.0203 0.9998
56.0000 30.8236 1.1852 -0.0384 -0.0001 -0.0020 0.0203 0.9998
57.0000 32.1173 1.2231 -0.0371 0.0007 0.0001 0.0202 0.9998
58.0000 32.9734 1.2662 -0.0335 0.0007 -0.0001 0.0202 0.9998
59.0000 33.4092 1.2868 -0.0450 0.0007 0.0006 0.0202 0.9998
60.0000 34.2596 1.3224 -0.0413 0.0007 0.0006 0.0202 0.9998
61.0000 34.6762 1.3353 -0.0394 0.0006 0.0002 0.0203 0.9998
62.0000 35.5308 1.3714 -0.0441 0.0004 -0.0002 0.0203 0.9998
63.0000 36.3885 1.4174 -0.0415 0.0004 -0.0001 0.0203 0.9998
64.0000 37.2262 1.4445 -0.0426 0.0003 -0.0002 0.0203 0.9998
65.0000 37.6689 1.4667 -0.0402 0.0002 0.0003 0.0202 0.9998
66.0000 38.0740 1.4828 -0.0465 0.0002 -0.0002 0.0203 0.9998
67.0000 38.5118 1.4986 -0.0423 0.0001 0.0002 0.0202 0.9998
68.0000 39.3582 1.5363 -0.0364 0.0001 0.0004 0.0202 0.9998
69.0000 40.1793 1.5637 -0.0472 -0.0000 0.0007 0.0202 0.9998
70.0000 40.9951 1.5906 -0.0487 -0.0000 0.0010 0.0203 0.9998
71.0000 41.4126 1.6158 -0.0420 -0.0000 0.0007 0.0204 0.9998
72.0000 42.2169 1.6437 -0.0395 -0.0000 0.0007 0.0203 0.9998
73.0000 42.6306 1.6608 -0.0385 -0.0001 0.0012 0.0201 0.9998
74.0000 43.4106 1.6894 -0.0374 -0.0000 0.0014 0.0200 0.9998
75.0000 44.1941 1.7193 -0.0394 -0.0001 0.0014 0.0200 0.9998
76.0000 44.9550 1.7509 -0.0408 -0.0002 0.0015 0.0199 0.9998
77.0000 45.3507 1.7713 -0.0417 -0.0001 0.0011 0.0200 0.9998
78.0000 45.7381 1.7824 -0.0432 -0.0002 0.0016 0.0198 0.9998
79.0000 46.0901 1.8044 -0.0406 -0.0002 0.0012 0.0200 0.9998
80.0000 47.2153 1.8415 -0.0436 -0.0003 0.0016 0.0195 0.9998
81.0000 47.9346 1.8775 -0.0426 -0.0004 0.0021 0.0195 0.9998
82.0000 48.6331 1.8909 -0.0433 -0.0005 0.0023 0.0216 0.9998
83.0000 48.9843 1.9030 -0.0445 -0.0004 0.0021 0.0220 0.9998
84.0000 49.3230 1.9180 -0.0478 -0.0009 0.0030 0.0220 0.9998
85.0000 49.9594 1.9370 -0.0450 -0.0009 0.0032 0.0237 0.9997
86.0000 50.9074 1.9842 -0.0438 -0.0006 0.0027 0.0209 0.9998
87.0000 51.4752 2.0329 -0.0469 -0.0009 0.0030 0.0204 0.9998
88.0000 51.7555 2.0362 -0.0449 -0.0011 0.0033 0.0218 0.9998
89.0000 52.0429 2.0435 -0.0449 -0.0009 0.0031 0.0231 0.9997
90.0000 52.8911 2.0932 -0.0477 -0.0007 0.0024 0.0241 0.9997
91.0000 53.4454 2.1224 -0.0473 -0.0007 0.0022 0.0241 0.9997
92.0000 54.0198 2.1280 -0.0519 -0.0008 0.0020 0.0205 0.9998
93.0000 54.2975 2.1624 -0.0401 -0.0006 0.0009 0.0153 0.9999
94.0000 54.5939 2.1620 -0.0514 -0.0009 0.0016 0.0130 0.9999
95.0000 55.1307 2.1587 -0.0519 -0.0013 0.0018 0.0048 1.0000
96.0000 55.6742 2.1309 -0.0577 -0.0022 0.0022 -0.0085 1.0000
97.0000 56.1944 2.0772 -0.0421 -0.0052 0.0024 -0.0275 0.9996
98.0000 56.7036 2.0191 -0.0404 -0.0055 0.0018 -0.0477 0.9988
99.0000 56.9555 1.9824 -0.0569 -0.0055 0.0002 -0.0582 0.9983
100.0000 57.2021 1.9419 -0.0509 -0.0066 0.0028 -0.0679 0.9977
101.0000 57.6659 1.8436 -0.0573 -0.0070 0.0030 -0.0881 0.9961
102.0000 58.1220 1.7240 -0.0625 -0.0074 0.0034 -0.1076 0.9942
103.0000 58.5717 1.5691 -0.0555 -0.0071 0.0031 -0.1253 0.9921
104.0000 58.7701 1.4952 -0.0532 -0.0068 0.0023 -0.1346 0.9909
105.0000 59.2004 1.3455 -0.0485 -0.0065 0.0028 -0.1438 0.9896
106.0000 59.4106 1.2628 -0.0455 -0.0062 0.0027 -0.1442 0.9895
107.0000 59.8185 1.1469 -0.0471 -0.0026 0.0018 -0.1441 0.9896
108.0000 60.4111 0.9567 -0.0488 -0.0017 0.0017 -0.1438 0.9896
109.0000 60.5963 0.9037 -0.0445 -0.0016 0.0015 -0.1453 0.9894
110.0000 60.7794 0.8524 -0.0443 -0.0014 0.0012 -0.1489 0.9889
111.0000 60.9823 0.7784 -0.0491 -0.0018 0.0020 -0.1506 0.9886
112.0000 61.5209 0.5615 -0.0541 -0.0025 0.0019 -0.1723 0.9850
113.0000 61.8723 0.3939 -0.0460 -0.0027 0.0014 -0.1885 0.9821
114.0000 62.0425 0.2974 -0.0649 -0.0032 0.0035 -0.1955 0.9807
115.0000 62.3588 0.1245 -0.0465 -0.0058 0.0028 -0.2139 0.9768
116.0000 62.5058 0.0463 -0.0467 -0.0061 0.0024 -0.2197 0.9756
117.0000 62.6765 -0.0508 -0.0526 -0.0056 0.0030 -0.2250 0.9743
118.0000 62.9950 -0.2120 -0.0571 -0.0030 0.0027 -0.2242 0.9745
119.0000 63.4511 -0.4520 -0.0441 -0.0020 0.0020 -0.2263 0.9740
120.0000 63.6059 -0.5235 -0.0476 -0.0020 0.0020 -0.2241 0.9746
121.0000 63.7476 -0.5883 -0.0484 -0.0012 0.0029 -0.2277 0.9737
122.0000 64.0479 -0.7370 -0.0567 -0.0010 0.0022 -0.2275 0.9738
123.0000 64.3235 -0.8784 -0.0576 -0.0012 0.0020 -0.2287 0.9735
124.0000 64.5936 -1.0204 -0.0579 -0.0020 0.0022 -0.2335 0.9723
125.0000 64.8485 -1.1800 -0.0544 -0.0020 0.0020 -0.2424 0.9702
126.0000 64.9686 -1.2559 -0.0604 -0.0020 0.0021 -0.2480 0.9688
127.0000 65.0908 -1.3273 -0.0615 -0.0023 0.0020 -0.2539 0.9672
128.0000 65.3133 -1.4857 -0.0553 -0.0023 0.0021 -0.2660 0.9640
129.0000 65.6399 -1.7243 -0.0532 -0.0025 0.0022 -0.2844 0.9587
130.0000 65.8353 -1.9065 -0.0539 -0.0025 0.0023 -0.2965 0.9550
131.0000 65.9163 -1.9861 -0.0572 -0.0025 0.0023 -0.3024 0.9532
132.0000 66.0093 -2.0657 -0.0592 -0.0025 0.0023 -0.3084 0.9512
133.0000 66.1737 -2.2312 -0.0592 -0.0024 0.0021 -0.3207 0.9472
134.0000 66.3393 -2.3906 -0.0577 -0.0024 0.0021 -0.3337 0.9427
135.0000 66.4925 -2.5580 -0.0539 -0.0024 0.0020 -0.3468 0.9379
136.0000 66.6417 -2.7248 -0.0560 -0.0025 0.0018 -0.3602 0.9329
137.0000 66.7241 -2.8217 -0.0583 -0.0026 0.0017 -0.3669 0.9302
138.0000 66.7938 -2.9039 -0.0576 -0.0025 0.0016 -0.3740 0.9274
139.0000 67.0257 -3.2044 -0.0526 -0.0031 0.0012 -0.3951 0.9186
140.0000 67.1802 -3.4160 -0.0509 -0.0035 0.0009 -0.4095 0.9123
141.0000 67.2498 -3.5315 -0.0504 -0.0033 0.0010 -0.4167 0.9090
142.0000 67.3901 -3.7660 -0.0538 -0.0032 0.0010 -0.4314 0.9022
143.0000 67.4684 -3.8644 -0.0568 -0.0031 0.0011 -0.4386 0.8987
144.0000 67.6091 -4.1163 -0.0536 -0.0031 0.0006 -0.4534 0.8913
145.0000 67.8298 -4.5065 -0.0539 -0.0033 0.0006 -0.4746 0.8802
146.0000 67.8910 -4.6481 -0.0559 -0.0030 0.0006 -0.4792 0.8777
147.0000 68.0613 -4.9268 -0.0543 -0.0028 0.0001 -0.4833 0.8755
148.0000 68.1453 -5.0541 -0.0566 -0.0026 0.0002 -0.4847 0.8747
149.0000 68.2360 -5.1992 -0.0542 -0.0027 0.0003 -0.4866 0.8736
150.0000 68.3949 -5.4842 -0.0596 -0.0028 0.0003 -0.4933 0.8698
151.0000 68.5373 -5.8056 -0.0480 -0.0030 0.0008 -0.5065 0.8622
152.0000 68.6802 -6.1243 -0.0456 -0.0034 0.0014 -0.5221 0.8529
153.0000 68.7421 -6.3016 -0.0506 -0.0044 0.0006 -0.5308 0.8475
154.0000 68.7954 -6.4746 -0.0511 -0.0047 0.0010 -0.5389 0.8423
155.0000 68.9805 -7.0204 -0.0516 -0.0046 0.0008 -0.5574 0.8302
156.0000 69.1197 -7.3792 -0.0498 -0.0030 0.0006 -0.5591 0.8291
157.0000 69.1917 -7.5682 -0.0416 -0.0032 -0.0001 -0.5602 0.8284
158.0000 69.3159 -7.9320 -0.0524 -0.0029 0.0003 -0.5666 0.8240
159.0000 69.3809 -8.1265 -0.0498 -0.0031 0.0004 -0.5709 0.8210
160.0000 69.4912 -8.5171 -0.0513 -0.0044 0.0008 -0.5853 0.8108
161.0000 69.5780 -8.9287 -0.0541 -0.0047 0.0022 -0.6015 0.7988
162.0000 69.6536 -9.3649 -0.0597 -0.0060 0.0022 -0.6178 0.7863
163.0000 69.6931 -9.5904 -0.0552 -0.0059 0.0027 -0.6265 0.7794
164.0000 69.7317 -9.8220 -0.0557 -0.0066 0.0023 -0.6349 0.7726
165.0000 69.7609 -10.2769 -0.0546 -0.0069 0.0028 -0.6510 0.7591
166.0000 69.7990 -10.7728 -0.0557 -0.0065 0.0026 -0.6627 0.7489
167.0000 69.8488 -11.2796 -0.0508 -0.0057 0.0015 -0.6647 0.7471
168.0000 69.8769 -11.5268 -0.0559 -0.0050 0.0010 -0.6647 0.7471
169.0000 69.9384 -12.0691 -0.0491 -0.0039 0.0001 -0.6647 0.7471
170.0000 69.9586 -12.3298 -0.0488 -0.0036 -0.0004 -0.6655 0.7464
171.0000 70.0259 -12.8857 -0.0517 -0.0031 -0.0008 -0.6656 0.7463
172.0000 70.0881 -13.4485 -0.0465 -0.0027 -0.0011 -0.6655 0.7464
173.0000 70.1518 -14.0295 -0.0447 -0.0027 -0.0010 -0.6683 0.7439
174.0000 70.1777 -14.3152 -0.0500 -0.0027 -0.0010 -0.6685 0.7437
175.0000 70.2031 -14.6160 -0.0511 -0.0026 -0.0011 -0.6695 0.7428
176.0000 70.2786 -15.2293 -0.0445 -0.0025 -0.0011 -0.6698 0.7425
177.0000 70.3374 -15.8595 -0.0524 -0.0021 -0.0016 -0.6698 0.7425
178.0000 70.3967 -16.5012 -0.0505 -0.0024 -0.0013 -0.6699 0.7425
179.0000 70.4274 -16.8104 -0.0542 -0.0022 -0.0015 -0.6700 0.7423
180.0000 70.4894 -17.4874 -0.0500 -0.0028 -0.0010 -0.6749 0.7379
181.0000 70.5128 -17.8319 -0.0516 -0.0031 -0.0005 -0.6796 0.7336
182.0000 70.5404 -18.5063 -0.0540 -0.0039 0.0005 -0.6899 0.7239
183.0000 70.5501 -18.8413 -0.0533 -0.0041 0.0007 -0.6925 0.7214
184.0000 70.5702 -19.5393 -0.0599 -0.0039 0.0004 -0.6950 0.7190
185.0000 70.5916 -20.2607 -0.0582 -0.0038 0.0003 -0.6956 0.7184
186.0000 70.6018 -20.6204 -0.0506 -0.0036 0.0002 -0.6961 0.7179
187.0000 70.6044 -20.9858 -0.0522 -0.0037 0.0002 -0.6958 0.7183
188.0000 70.6305 -21.7349 -0.0525 -0.0032 -0.0004 -0.6957 0.7183
189.0000 70.6487 -22.4918 -0.0537 -0.0031 -0.0006 -0.6957 0.7183
190.0000 70.6814 -23.2334 -0.0441 -0.0026 -0.0010 -0.6958 0.7182
191.0000 70.6957 -23.6406 -0.0449 -0.0026 -0.0009 -0.6962 0.7178
192.0000 70.7134 -24.4355 -0.0526 -0.0023 -0.0013 -0.6963 0.7177
193.0000 70.7330 -24.8148 -0.0480 -0.0024 -0.0012 -0.6958 0.7182
194.0000 70.7447 -25.6080 -0.0465 -0.0022 -0.0014 -0.6959 0.7182
195.0000 70.7750 -26.4312 -0.0517 -0.0021 -0.0015 -0.6959 0.7181
196.0000 70.7996 -27.2527 -0.0506 -0.0019 -0.0014 -0.6959 0.7181
197.0000 70.8150 -27.6770 -0.0536 -0.0017 -0.0017 -0.6961 0.7179
198.0000 70.8274 -28.1092 -0.0497 -0.0018 -0.0016 -0.6959 0.7182
199.0000 70.8608 -28.9566 -0.0476 -0.0018 -0.0015 -0.6959 0.7182
200.0000 70.8730 -29.3888 -0.0484 -0.0017 -0.0016 -0.6962 0.7178
201.0000 70.9029 -30.2517 -0.0416 -0.0018 -0.0015 -0.6962 0.7178
202.0000 70.9274 -31.1363 -0.0453 -0.0018 -0.0016 -0.6961 0.7179
203.0000 70.9385 -31.5750 -0.0466 -0.0017 -0.0016 -0.6960 0.7181
204.0000 70.9439 -32.0480 -0.0458 -0.0016 -0.0014 -0.6962 0.7178
205.0000 70.9703 -32.9384 -0.0488 -0.0012 -0.0010 -0.6962 0.7178
206.0000 70.9958 -33.8257 -0.0468 -0.0011 -0.0008 -0.6961 0.7179
207.0000 71.0356 -34.7066 -0.0422 -0.0013 -0.0009 -0.6966 0.7174
208.0000 71.0698 -35.6252 -0.0496 -0.0018 -0.0007 -0.7004 0.7137
209.0000 71.0762 -36.0884 -0.0498 -0.0020 -0.0006 -0.7022 0.7120
210.0000 71.0717 -36.5366 -0.0507 -0.0021 -0.0006 -0.7035 0.7107
211.0000 71.0848 -37.4821 -0.0550 -0.0022 -0.0008 -0.7048 0.7094
212.0000 71.0838 -37.9443 -0.0506 -0.0022 -0.0007 -0.7048 0.7094
213.0000 71.0817 -38.9202 -0.0505 -0.0023 -0.0008 -0.7050 0.7092
214.0000 71.0811 -39.8670 -0.0500 -0.0023 -0.0008 -0.7051 0.7091
215.0000 71.0951 -40.3433 -0.0473 -0.0024 -0.0008 -0.7053 0.7089
216.0000 71.0878 -40.8297 -0.0420 -0.0024 -0.0008 -0.7051 0.7091
217.0000 71.0970 -41.8233 -0.0446 -0.0022 -0.0010 -0.7052 0.7090
218.0000 71.0956 -42.3155 -0.0479 -0.0022 -0.0010 -0.7054 0.7089
219.0000 71.1086 -43.3293 -0.0448 -0.0021 -0.0010 -0.7053 0.7089
220.0000 71.1136 -44.3474 -0.0483 -0.0020 -0.0012 -0.7052 0.7090
221.0000 71.1158 -44.8450 -0.0482 -0.0018 -0.0013 -0.7051 0.7091
222.0000 71.1159 -45.8764 -0.0483 -0.0019 -0.0013 -0.7052 0.7090
223.0000 71.1159 -46.3883 -0.0466 -0.0018 -0.0014 -0.7052 0.7090
224.0000 71.1374 -47.4304 -0.0510 -0.0017 -0.0016 -0.7053 0.7089
225.0000 71.1316 -48.4848 -0.0486 -0.0018 -0.0015 -0.7053 0.7089
226.0000 71.1338 -49.5552 -0.0446 -0.0017 -0.0015 -0.7053 0.7089
227.0000 71.1408 -50.0789 -0.0425 -0.0017 -0.0015 -0.7052 0.7090
228.0000 71.1384 -50.6287 -0.0448 -0.0018 -0.0015 -0.7053 0.7089
229.0000 71.1514 -51.7234 -0.0336 -0.0018 -0.0015 -0.7053 0.7089
230.0000 71.1574 -52.8218 -0.0364 -0.0019 -0.0014 -0.7053 0.7089
231.0000 71.1550 -53.9105 -0.0305 -0.0019 -0.0014 -0.7048 0.7094
232.0000 71.1623 -54.4672 -0.0320 -0.0019 -0.0014 -0.7044 0.7098
233.0000 71.1807 -55.5761 -0.0303 -0.0018 -0.0015 -0.7040 0.7102
234.0000 71.1832 -56.1240 -0.0316 -0.0018 -0.0014 -0.7039 0.7103
235.0000 71.1878 -57.2708 -0.0268 -0.0018 -0.0015 -0.7038 0.7104
236.0000 71.2043 -58.4112 -0.0306 -0.0018 -0.0014 -0.7038 0.7104
237.0000 71.2175 -59.5754 -0.0298 -0.0018 -0.0013 -0.7038 0.7103
238.0000 71.2160 -60.1375 -0.0266 -0.0018 -0.0014 -0.7038 0.7104
239.0000 71.2293 -60.7156 -0.0265 -0.0018 -0.0013 -0.7038 0.7104
240.0000 71.2304 -61.9097 -0.0282 -0.0018 -0.0013 -0.7039 0.7103
241.0000 71.2480 -62.4885 -0.0291 -0.0019 -0.0014 -0.7038 0.7104
242.0000 71.2424 -63.6732 -0.0247 -0.0017 -0.0012 -0.7038 0.7104
243.0000 71.2683 -64.8789 -0.0196 -0.0019 -0.0013 -0.7038 0.7104
244.0000 71.2676 -65.4665 -0.0267 -0.0019 -0.0013 -0.7039 0.7103
245.0000 71.2726 -66.6710 -0.0253 -0.0019 -0.0013 -0.7038 0.7103
246.0000 71.2768 -67.2706 -0.0245 -0.0020 -0.0013 -0.7038 0.7104
247.0000 71.2871 -68.4932 -0.0184 -0.0019 -0.0014 -0.7038 0.7104
248.0000 71.2919 -69.7311 -0.0170 -0.0020 -0.0013 -0.7039 0.7103
249.0000 71.3054 -70.9757 -0.0153 -0.0021 -0.0014 -0.7039 0.7103
250.0000 71.3145 -71.5879 -0.0079 -0.0019 -0.0015 -0.7038 0.7104
251.0000 71.3210 -72.8331 -0.0067 -0.0019 -0.0015 -0.7039 0.7103
252.0000 71.3257 -73.4667 -0.0079 -0.0020 -0.0015 -0.7039 0.7103
253.0000 71.3371 -74.7251 -0.0100 -0.0021 -0.0015 -0.7039 0.7103
254.0000 71.3399 -76.0044 -0.0024 -0.0020 -0.0015 -0.7039 0.7103
255.0000 71.3596 -77.2743 -0.0119 -0.0009 -0.0004 -0.7039 0.7103
256.0000 71.3619 -77.9060 -0.0066 -0.0006 -0.0002 -0.7039 0.7103
257.0000 71.3591 -78.5142 -0.0064 -0.0008 -0.0004 -0.7039 0.7103
258.0000 71.3718 -79.7535 0.0008 -0.0007 -0.0004 -0.7038 0.7104
259.0000 71.3935 -80.9911 0.0128 -0.0036 -0.0028 -0.7039 0.7103
260.0000 71.4042 -82.2309 -0.0125 -0.0015 -0.0005 -0.7039 0.7103
261.0000 71.4183 -82.8461 0.0028 -0.0008 -0.0000 -0.7038 0.7104
262.0000 71.4283 -84.0371 -0.0139 -0.0005 0.0023 -0.7039 0.7103
263.0000 71.4299 -84.6284 -0.0072 -0.0011 0.0022 -0.7040 0.7102
264.0000 71.4437 -85.8280 -0.0107 0.0001 0.0027 -0.7038 0.7104
265.0000 71.4551 -86.9997 -0.0069 0.0002 0.0025 -0.7038 0.7104
266.0000 71.4669 -88.1376 -0.0046 -0.0004 0.0013 -0.7039 0.7103
267.0000 71.4651 -88.7372 -0.0045 0.0002 0.0014 -0.7038 0.7103
268.0000 71.4738 -89.2856 -0.0000 0.0001 0.0011 -0.7039 0.7103
269.0000 71.4771 -90.4538 -0.0033 0.0005 0.0006 -0.7039 0.7103
270.0000 71.4971 -91.5754 0.0001 0.0004 0.0004 -0.7039 0.7103
271.0000 71.4970 -92.7172 -0.0009 0.0002 0.0004 -0.7038 0.7104
272.0000 71.5048 -93.2631 -0.0024 0.0003 0.0003 -0.7038 0.7104
273.0000 71.5223 -94.3960 0.0043 0.0000 0.0002 -0.7038 0.7104
274.0000 71.5167 -94.9656 0.0037 0.0000 0.0001 -0.7038 0.7104
275.0000 71.5275 -96.0864 0.0018 -0.0000 -0.0002 -0.7039 0.7103
276.0000 71.5298 -97.2035 0.0031 -0.0003 -0.0001 -0.7039 0.7103
277.0000 71.5407 -98.3213 0.0078 0.0002 0.0004 -0.7038 0.7104
278.0000 71.5419 -98.8720 0.0068 -0.0002 0.0001 -0.7039 0.7103
279.0000 71.5584 -99.9670 0.0121 -0.0002 0.0000 -0.7038 0.7104
280.0000 71.5547 -101.0855 0.0191 -0.0004 -0.0001 -0.7038 0.7104
281.0000 71.5733 -102.1752 0.0203 -0.0005 -0.0000 -0.7039 0.7103
282.0000 71.5878 -103.2515 0.0200 -0.0006 -0.0002 -0.7039 0.7103
283.0000 71.5972 -103.8035 0.0223 -0.0005 -0.0001 -0.7038 0.7104
284.0000 71.6027 -104.9007 0.0238 -0.0006 -0.0002 -0.7039 0.7103
285.0000 71.5975 -105.4566 0.0165 -0.0006 -0.0004 -0.7039 0.7103
286.0000 71.6114 -106.5381 0.0158 -0.0007 -0.0005 -0.7039 0.7103
287.0000 71.6302 -107.6394 0.0229 -0.0008 -0.0003 -0.7039 0.7103
288.0000 71.6400 -108.1833 0.0279 -0.0006 -0.0002 -0.7039 0.7103
289.0000 71.6488 -109.2608 0.0260 -0.0007 -0.0001 -0.7039 0.7103
290.0000 71.6545 -109.8237 0.0275 -0.0008 -0.0003 -0.7038 0.7103
291.0000 71.6682 -110.9146 0.0283 -0.0008 -0.0003 -0.7039 0.7103
292.0000 71.6755 -112.0173 0.0275 -0.0008 -0.0003 -0.7038 0.7104
293.0000 71.6797 -113.0806 0.0309 -0.0008 -0.0004 -0.7039 0.7103
294.0000 71.6897 -114.1696 0.0339 -0.0009 -0.0003 -0.7038 0.7104
295.0000 71.6809 -114.7047 0.0356 -0.0008 -0.0001 -0.7038 0.7104
296.0000 71.7075 -115.8010 0.0335 -0.0008 -0.0000 -0.7039 0.7103
297.0000 71.7264 -116.9002 0.0372 -0.0010 -0.0000 -0.7038 0.7104
298.0000 71.7324 -117.9815 0.0371 -0.0010 -0.0002 -0.7038 0.7104
299.0000 71.7274 -118.5232 0.0404 -0.0010 -0.0002 -0.7039 0.7103
300.0000 71.7391 -119.6024 0.0360 -0.0011 -0.0003 -0.7039 0.7103
301.0000 71.7432 -120.1434 0.0374 -0.0010 -0.0003 -0.7039 0.7103
302.0000 71.7494 -121.2488 0.0386 -0.0011 -0.0003 -0.7038 0.7104
303.0000 71.7743 -122.3139 0.0390 -0.0011 -0.0003 -0.7039 0.7103
304.0000 71.7710 -122.8806 0.0450 -0.0012 -0.0003 -0.7038 0.7104
305.0000 71.7766 -123.9944 0.0479 -0.0011 -0.0001 -0.7038 0.7104
306.0000 71.7829 -124.5239 0.0505 -0.0011 0.0001 -0.7039 0.7103
307.0000 71.7898 -125.6058 0.0495 -0.0004 0.0008 -0.7038 0.7104
308.0000 71.7939 -126.1361 0.0542 -0.0001 0.0011 -0.7038 0.7104
309.0000 71.8129 -127.6579 0.0538 -0.0001 0.0012 -0.7038 0.7104
310.0000 71.8322 -128.6698 0.0508 -0.0003 0.0009 -0.7039 0.7103
311.0000 71.8378 -129.1547 0.0572 -0.0002 0.0011 -0.7042 0.7100
312.0000 71.8603 -129.6827 0.0530 -0.0005 0.0009 -0.7056 0.7086
313.0000 71.8298 -130.6904 0.0514 0.0011 -0.0013 0.7118 -0.7024
314.0000 71.8159 -131.7081 0.0608 0.0030 -0.0030 0.7221 -0.6917
315.0000 71.7344 -132.7045 0.0552 0.0039 -0.0040 0.7357 -0.6773
316.0000 71.7020 -133.2092 0.0524 0.0045 -0.0047 0.7430 -0.6693
317.0000 71.5747 -134.2176 0.0613 0.0067 -0.0069 0.7549 -0.6558
318.0000 71.5260 -134.6955 0.0622 0.0069 -0.0073 0.7581 -0.6520
319.0000 71.3212 -136.1662 0.0628 0.0065 -0.0076 0.7625 -0.6469
320.0000 71.1512 -137.1319 0.0670 0.0064 -0.0075 0.7639 -0.6452
321.0000 71.0513 -137.6070 0.0672 0.0063 -0.0075 0.7654 -0.6435
322.0000 71.0004 -138.0795 0.0622 0.0076 -0.0055 0.7678 -0.6406
323.0000 70.7891 -139.0271 0.0764 0.0069 -0.0062 0.7739 -0.6333
324.0000 70.5892 -139.9388 0.0656 0.0041 -0.0054 0.7808 -0.6247
325.0000 70.3630 -140.8094 0.0781 0.0033 -0.0059 0.7898 -0.6133
326.0000 70.2493 -141.2444 0.0749 0.0029 -0.0069 0.7942 -0.6075
327.0000 70.0321 -142.0410 0.0743 0.0022 -0.0083 0.8033 -0.5955
328.0000 69.9008 -142.4378 0.0746 0.0023 -0.0086 0.8082 -0.5889
329.0000 69.6517 -143.1943 0.0790 0.0024 -0.0085 0.8167 -0.5770
330.0000 69.3547 -143.9268 0.0808 0.0018 -0.0107 0.8245 -0.5657
331.0000 69.0772 -144.6242 0.0737 0.0042 -0.0115 0.8342 -0.5514
332.0000 68.8991 -144.9681 0.0824 0.0039 -0.0121 0.8395 -0.5432
333.0000 68.5750 -145.6396 0.0861 0.0035 -0.0124 0.8492 -0.5280
334.0000 68.4035 -145.9482 0.0742 0.0048 -0.0112 0.8536 -0.5209
335.0000 68.0748 -146.5643 0.0831 0.0042 -0.0119 0.8613 -0.5080
336.0000 67.7071 -147.1651 0.0802 0.0047 -0.0116 0.8709 -0.4914
337.0000 67.3233 -147.6958 0.0904 0.0042 -0.0119 0.8795 -0.4757
338.0000 67.1467 -147.9546 0.0870 0.0040 -0.0122 0.8832 -0.4689
339.0000 66.9503 -148.2127 0.0896 0.0040 -0.0122 0.8867 -0.4621
340.0000 66.7551 -148.4687 0.0847 0.0041 -0.0120 0.8912 -0.4534
341.0000 66.3496 -148.9508 0.0881 0.0043 -0.0120 0.9004 -0.4349
342.0000 65.9227 -149.4141 0.0896 0.0044 -0.0120 0.9096 -0.4152
343.0000 65.4840 -149.8680 0.0935 0.0044 -0.0120 0.9185 -0.3952
344.0000 65.2482 -150.0971 0.0891 0.0052 -0.0112 0.9230 -0.3845
345.0000 64.7832 -150.5063 0.0879 0.0055 -0.0113 0.9311 -0.3646
346.0000 64.5345 -150.7227 0.0869 0.0046 -0.0124 0.9347 -0.3551
347.0000 64.0501 -151.0946 0.0938 0.0049 -0.0122 0.9421 -0.3351
348.0000 63.5135 -151.4803 0.0842 0.0048 -0.0126 0.9491 -0.3147
349.0000 62.9865 -151.8180 0.0961 0.0025 -0.0113 0.9555 -0.2946
350.0000 62.7253 -151.9622 0.0891 0.0056 -0.0116 0.9587 -0.2840
351.0000 62.4630 -152.1307 0.1063 0.0026 -0.0108 0.9613 -0.2752
352.0000 61.9111 -152.4255 0.1079 0.0022 -0.0121 0.9670 -0.2547
353.0000 61.3580 -152.6516 0.1081 0.0020 -0.0119 0.9723 -0.2332
354.0000 60.8260 -152.8993 0.1043 0.0022 -0.0120 0.9775 -0.2107
355.0000 60.5456 -152.9976 0.1058 0.0026 -0.0117 0.9798 -0.1994
356.0000 60.0011 -153.1910 0.1078 0.0025 -0.0118 0.9840 -0.1777
357.0000 59.7327 -153.2896 0.1093 0.0027 -0.0119 0.9860 -0.1663
358.0000 59.1834 -153.4346 0.1097 0.0021 -0.0120 0.9893 -0.1454
359.0000 58.6341 -153.5384 0.1142 0.0018 -0.0120 0.9922 -0.1243
360.0000 58.0732 -153.6523 0.1107 0.0014 -0.0121 0.9946 -0.1032
361.0000 57.7947 -153.6887 0.1121 0.0012 -0.0121 0.9956 -0.0928
362.0000 57.5171 -153.7046 0.1107 0.0011 -0.0120 0.9966 -0.0819
363.0000 56.9915 -153.7329 0.1127 0.0016 -0.0116 0.9981 -0.0604
364.0000 56.4475 -153.7389 0.1131 -0.0010 -0.0113 0.9992 -0.0395
365.0000 55.9143 -153.7537 0.1084 -0.0003 -0.0107 0.9998 -0.0165
366.0000 55.6555 -153.7329 0.1036 -0.0002 -0.0105 0.9999 -0.0054
367.0000 55.1160 -153.6965 0.1043 -0.0003 -0.0106 0.9998 0.0157
368.0000 54.8434 -153.6670 0.1063 -0.0004 -0.0106 0.9996 0.0266
369.0000 54.5793 -153.6234 0.1042 -0.0004 -0.0106 0.9993 0.0369
370.0000 54.0922 -153.5434 0.1114 -0.0007 -0.0104 0.9983 0.0577
371.0000 53.5931 -153.4467 0.1102 -0.0007 -0.0102 0.9968 0.0791
372.0000 53.1224 -153.3264 0.1111 -0.0010 -0.0099 0.9950 0.0994
373.0000 52.8959 -153.2601 0.1143 -0.0015 -0.0096 0.9937 0.1113
374.0000 52.4438 -153.1367 0.1207 -0.0014 -0.0089 0.9915 0.1296
375.0000 51.9856 -152.9886 0.1138 -0.0013 -0.0067 0.9905 0.1372
376.0000 51.5439 -152.8485 0.1254 -0.0006 -0.0045 0.9904 0.1379
377.0000 51.1075 -152.7221 0.1202 -0.0008 -0.0031 0.9902 0.1394
378.0000 50.8960 -152.6444 0.1255 -0.0007 -0.0029 0.9902 0.1395
379.0000 50.4807 -152.5055 0.1251 -0.0008 -0.0030 0.9889 0.1484
380.0000 50.2711 -152.4404 0.1241 -0.0010 -0.0032 0.9875 0.1578
381.0000 49.8565 -152.2828 0.1211 -0.0005 -0.0031 0.9862 0.1654
382.0000 49.4513 -152.1325 0.1200 0.0001 -0.0019 0.9861 0.1662
383.0000 49.0359 -151.9769 0.1155 0.0004 -0.0011 0.9860 0.1669
384.0000 48.8276 -151.8990 0.1207 -0.0000 -0.0006 0.9863 0.1648
385.0000 48.6315 -151.8283 0.1165 0.0004 -0.0005 0.9860 0.1665
386.0000 48.2034 -151.6786 0.1209 0.0001 -0.0000 0.9859 0.1675
387.0000 47.7840 -151.5341 0.1191 0.0006 0.0002 0.9860 0.1668
388.0000 47.3669 -151.3952 0.1178 0.0007 0.0003 0.9859 0.1671
389.0000 47.1687 -151.3247 0.1252 0.0013 0.0002 0.9860 0.1666
390.0000 46.7274 -151.1607 0.1261 0.0017 0.0005 0.9864 0.1646
391.0000 46.4946 -151.0832 0.1254 0.0023 0.0011 0.9866 0.1630
392.0000 46.0318 -150.9625 0.1240 0.0023 0.0022 0.9883 0.1525
393.0000 45.5513 -150.8340 0.1286 0.0027 0.0037 0.9905 0.1374
394.0000 45.0422 -150.7132 0.1280 0.0029 0.0034 0.9912 0.1321
395.0000 44.5210 -150.5775 0.1308 0.0026 0.0026 0.9914 0.1310
396.0000 44.2730 -150.5013 0.1232 0.0035 0.0022 0.9916 0.1293
397.0000 43.9943 -150.4393 0.1308 0.0031 0.0026 0.9919 0.1272
398.0000 43.4534 -150.3136 0.1299 0.0029 0.0033 0.9931 0.1169
399.0000 42.8742 -150.2102 0.1310 0.0031 0.0051 0.9950 0.1002
400.0000 42.2887 -150.1283 0.1300 0.0031 0.0057 0.9963 0.0851
401.0000 41.9865 -150.0800 0.1313 0.0035 0.0053 0.9966 0.0825
402.0000 41.6958 -150.0284 0.1361 0.0031 0.0048 0.9967 0.0810
403.0000 41.0780 -149.9360 0.1391 0.0031 0.0047 0.9970 0.0767
404.0000 40.4449 -149.8504 0.1354 0.0032 0.0050 0.9977 0.0669
405.0000 40.1262 -149.8568 0.1376 0.0037 0.0050 0.9980 0.0624
406.0000 39.4611 -149.7667 0.1369 0.0038 0.0048 0.9983 0.0571
407.0000 39.1300 -149.7042 0.1434 0.0033 0.0046 0.9984 0.0560
408.0000 38.4619 -149.6596 0.1506 0.0033 0.0043 0.9985 0.0551
409.0000 38.1108 -149.6285 0.1480 0.0037 0.0044 0.9985 0.0536
410.0000 37.4118 -149.5460 0.1449 0.0038 0.0043 0.9989 0.0476
411.0000 36.7105 -149.4837 0.1500 0.0038 0.0044 0.9991 0.0408
412.0000 35.9857 -149.4553 0.1537 0.0038 0.0042 0.9993 0.0375
413.0000 35.6246 -149.4088 0.1606 0.0035 0.0042 0.9993 0.0370
414.0000 34.8781 -149.3573 0.1548 0.0047 0.0042 0.9994 0.0352
415.0000 34.4948 -149.3143 0.1669 0.0035 0.0039 0.9994 0.0347
416.0000 33.7351 -149.2787 0.1692 0.0038 0.0036 0.9994 0.0345
417.0000 32.9458 -149.2454 0.1698 0.0039 0.0032 0.9994 0.0344
418.0000 32.5615 -149.2019 0.1553 0.0007 0.0024 0.9994 0.0345
419.0000 31.7634 -149.1416 0.1549 0.0013 0.0017 0.9994 0.0344
420.0000 30.9567 -149.0939 0.1526 0.0017 0.0021 0.9995 0.0317
421.0000 30.1390 -149.0503 0.1587 0.0019 0.0021 0.9995 0.0301
422.0000 29.2919 -148.9958 0.1652 0.0012 0.0022 0.9996 0.0296
423.0000 28.4703 -148.9675 0.1608 0.0016 0.0025 0.9996 0.0273
424.0000 27.6326 -148.9295 0.1664 0.0009 0.0031 0.9998 0.0214
425.0000 26.8031 -148.8899 0.1605 0.0016 0.0027 0.9998 0.0187
426.0000 25.9498 -148.8522 0.1608 0.0019 0.0027 0.9998 0.0180
427.0000 25.5251 -148.8387 0.1620 0.0025 0.0027 0.9998 0.0180
428.0000 24.6656 -148.8101 0.1675 0.0027 0.0026 0.9998 0.0179
429.0000 23.7763 -148.7829 0.1672 0.0028 0.0025 0.9998 0.0178
430.0000 22.8806 -148.7623 0.1705 0.0030 0.0025 0.9998 0.0171
431.0000 22.4394 -148.7367 0.1741 0.0026 0.0026 0.9999 0.0152
432.0000 21.5478 -148.7012 0.1754 0.0026 0.0025 0.9999 0.0134
433.0000 20.1319 -148.6773 0.1744 0.0032 0.0027 1.0000 0.0067
434.0000 19.6695 -148.6704 0.1765 0.0029 0.0029 1.0000 0.0038
435.0000 18.7250 -148.6554 0.1725 0.0030 0.0029 1.0000 0.0009
436.0000 18.2333 -148.6579 0.1801 0.0032 0.0028 1.0000 0.0003
437.0000 17.2815 -148.6684 0.1843 0.0032 0.0028 1.0000 -0.0003
438.0000 15.8105 -148.6739 0.1822 0.0028 0.0028 1.0000 -0.0006
439.0000 14.8171 -148.6674 0.1911 0.0029 0.0026 1.0000 -0.0005
440.0000 14.3177 -148.6616 0.1968 0.0032 0.0025 1.0000 -0.0005
441.0000 13.8172 -148.6622 0.1975 0.0030 0.0025 1.0000 -0.0005
442.0000 12.8082 -148.6665 0.2034 0.0029 0.0026 1.0000 -0.0012
443.0000 11.7777 -148.6696 0.2044 0.0029 0.0027 1.0000 -0.0065
444.0000 10.7574 -148.7144 0.2005 0.0024 0.0035 0.9998 -0.0182
445.0000 9.7250 -148.7638 0.1975 0.0019 0.0046 0.9995 -0.0297
446.0000 9.2213 -148.7908 0.2052 0.0041 0.0061 0.9994 -0.0325
447.0000 8.2039 -148.8546 0.2106 0.0024 0.0057 0.9994 -0.0336
448.0000 7.6965 -148.8809 0.2063 0.0014 0.0047 0.9995 -0.0316
449.0000 6.6756 -148.9332 0.2100 0.0015 0.0043 0.9996 -0.0282
450.0000 5.6504 -148.9865 0.2075 0.0016 0.0037 0.9996 -0.0268
451.0000 4.6220 -149.0466 0.2142 0.0017 0.0032 0.9996 -0.0263
452.0000 4.0912 -149.0855 0.2152 0.0019 0.0028 0.9997 -0.0261
453.0000 3.0635 -149.1375 0.2205 0.0021 0.0026 0.9997 -0.0261
454.0000 2.0170 -149.1929 0.2196 0.0023 0.0021 0.9997 -0.0259
455.0000 0.9666 -149.2394 0.2151 0.0024 0.0018 0.9997 -0.0251
456.0000 -0.0883 -149.3074 0.2274 0.0023 0.0016 0.9997 -0.0244
457.0000 -0.6152 -149.3191 0.2234 0.0021 0.0015 0.9997 -0.0242
458.0000 -1.6762 -149.3825 0.2294 0.0019 0.0015 0.9997 -0.0240
459.0000 -2.2024 -149.4149 0.2355 0.0019 0.0015 0.9997 -0.0240
460.0000 -3.2512 -149.4546 0.2274 0.0017 0.0016 0.9997 -0.0240
461.0000 -4.3181 -149.5053 0.2344 0.0014 0.0015 0.9997 -0.0239
462.0000 -5.3845 -149.5466 0.2333 0.0013 0.0010 0.9998 -0.0211
463.0000 -5.8980 -149.5654 0.2364 0.0014 0.0010 0.9998 -0.0175
464.0000 -6.9458 -149.5990 0.2426 0.0013 0.0006 0.9999 -0.0128
465.0000 -7.4843 -149.6203 0.2472 0.0008 0.0001 0.9999 -0.0116
466.0000 -8.4944 -149.6410 0.2445 0.0003 -0.0002 1.0000 -0.0099
467.0000 -9.5161 -149.6695 0.2463 -0.0001 -0.0010 1.0000 -0.0043
468.0000 -10.5054 -149.6638 0.2447 -0.0007 -0.0023 1.0000 0.0062
469.0000 -11.4719 -149.6420 0.2432 -0.0010 -0.0028 0.9999 0.0166
470.0000 -11.9404 -149.6322 0.2445 -0.0014 -0.0031 0.9998 0.0193
471.0000 -12.8900 -149.5919 0.2440 -0.0014 -0.0032 0.9998 0.0221
472.0000 -13.8037 -149.5567 0.2470 -0.0015 -0.0031 0.9997 0.0230
473.0000 -14.2629 -149.5424 0.2482 -0.0014 -0.0029 0.9997 0.0234
474.0000 -15.1410 -149.4983 0.2535 -0.0014 -0.0029 0.9997 0.0259
475.0000 -16.0140 -149.4461 0.2533 -0.0013 -0.0030 0.9995 0.0316
476.0000 -16.4594 -149.4033 0.2536 -0.0015 -0.0029 0.9994 0.0332
477.0000 -17.3023 -149.3466 0.2537 -0.0016 -0.0030 0.9993 0.0370
478.0000 -18.1368 -149.2683 0.2588 -0.0017 -0.0032 0.9990 0.0451
479.0000 -18.5600 -149.2313 0.2585 -0.0014 -0.0032 0.9987 0.0512
480.0000 -19.3498 -149.1326 0.2643 -0.0010 -0.0033 0.9978 0.0659
481.0000 -19.7297 -149.0497 0.2636 -0.0020 -0.0040 0.9973 0.0737
482.0000 -20.1193 -149.0432 0.2652 -0.0027 -0.0043 0.9968 0.0803
483.0000 -20.8629 -148.8558 0.2584 -0.0033 -0.0049 0.9953 0.0961
484.0000 -21.5857 -148.7144 0.2621 -0.0033 -0.0050 0.9933 0.1150
485.0000 -22.2989 -148.5040 0.2729 -0.0016 -0.0078 0.9906 0.1366
486.0000 -22.6604 -148.4000 0.2769 -0.0021 -0.0082 0.9891 0.1469
487.0000 -23.3599 -148.1566 0.2717 -0.0026 -0.0086 0.9857 0.1681
488.0000 -23.6952 -148.0138 0.2688 -0.0031 -0.0091 0.9840 0.1780
489.0000 -24.3380 -147.7458 0.2738 -0.0023 -0.0091 0.9804 0.1968
490.0000 -24.9603 -147.4649 0.2692 -0.0027 -0.0094 0.9767 0.2142
491.0000 -25.2845 -147.2679 0.2662 -0.0054 -0.0100 0.9751 0.2214
492.0000 -25.8693 -146.9657 0.2656 -0.0051 -0.0103 0.9705 0.2408
493.0000 -26.1545 -146.7917 0.2623 -0.0049 -0.0103 0.9680 0.2506
494.0000 -26.4409 -146.6254 0.2685 -0.0061 -0.0101 0.9655 0.2601
495.0000 -26.9585 -146.2880 0.2641 -0.0066 -0.0105 0.9597 0.2809
496.0000 -27.4697 -145.9026 0.2655 -0.0056 -0.0107 0.9527 0.3035
497.0000 -27.7096 -145.7212 0.2657 -0.0055 -0.0106 0.9496 0.3132
498.0000 -28.1789 -145.3400 0.2648 -0.0048 -0.0107 0.9428 0.3331
499.0000 -28.3981 -145.1285 0.2659 -0.0059 -0.0109 0.9394 0.3425
500.0000 -28.6095 -144.9242 0.2655 -0.0058 -0.0108 0.9357 0.3527
501.0000 -29.0179 -144.5143 0.2654 -0.0055 -0.0106 0.9281 0.3721
502.0000 -29.3926 -144.0968 0.2703 -0.0046 -0.0101 0.9207 0.3901
503.0000 -29.7597 -143.6595 0.2616 -0.0067 -0.0083 0.9128 0.4082
504.0000 -30.0844 -143.2118 0.2654 -0.0060 -0.0083 0.9034 0.4287
505.0000 -30.2405 -143.0125 0.2659 -0.0068 -0.0083 0.8992 0.4374
506.0000 -30.3944 -142.7834 0.2568 -0.0063 -0.0083 0.8939 0.4481
507.0000 -30.6667 -142.3407 0.2690 -0.0062 -0.0075 0.8840 0.4674
508.0000 -30.7824 -142.1100 0.2638 -0.0059 -0.0078 0.8795 0.4757
509.0000 -31.0458 -141.6437 0.2671 -0.0065 -0.0080 0.8689 0.4948
510.0000 -31.1509 -141.4232 0.2701 -0.0064 -0.0081 0.8633 0.5046
511.0000 -31.3595 -140.9571 0.2703 -0.0064 -0.0082 0.8526 0.5225
512.0000 -31.4534 -140.7272 0.2569 -0.0082 -0.0060 0.8472 0.5311
513.0000 -31.6304 -140.2545 0.2647 -0.0075 -0.0059 0.8361 0.5485
514.0000 -31.7909 -139.7930 0.2627 -0.0074 -0.0055 0.8247 0.5655
515.0000 -31.9176 -139.3312 0.2590 -0.0074 -0.0056 0.8128 0.5825
516.0000 -31.9642 -139.1022 0.2617 -0.0067 -0.0055 0.8063 0.5914
517.0000 -32.0157 -138.8734 0.2627 -0.0072 -0.0054 0.8012 0.5984
518.0000 -32.0582 -138.6416 0.2532 -0.0066 -0.0056 0.7944 0.6073
519.0000 -32.1293 -138.1809 0.2564 -0.0065 -0.0055 0.7818 0.6235
520.0000 -32.2065 -137.7280 0.2541 -0.0059 -0.0050 0.7711 0.6366
521.0000 -32.2698 -137.2624 0.2645 -0.0046 -0.0036 0.7664 0.6424
522.0000 -32.2943 -137.0530 0.2625 -0.0046 -0.0016 0.7669 0.6417
523.0000 -32.3281 -136.8230 0.2601 -0.0029 -0.0018 0.7662 0.6426
524.0000 -32.3987 -136.3817 0.2552 -0.0022 -0.0003 0.7660 0.6428
525.0000 -32.4763 -135.9434 0.2554 -0.0022 0.0002 0.7641 0.6451
526.0000 -32.4974 -135.6997 0.2562 -0.0018 -0.0003 0.7617 0.6479
527.0000 -32.5440 -135.2632 0.2505 -0.0020 -0.0005 0.7548 0.6559
528.0000 -32.5735 -135.0487 0.2559 -0.0020 -0.0002 0.7533 0.6576
529.0000 -32.6322 -134.5797 0.2531 -0.0017 0.0002 0.7523 0.6589
530.0000 -32.6502 -134.3619 0.2482 -0.0014 0.0004 0.7520 0.6592
531.0000 -32.7214 -133.8989 0.2474 -0.0005 0.0007 0.7510 0.6603
532.0000 -32.7790 -133.4263 0.2482 0.0002 0.0005 0.7503 0.6611
533.0000 -32.8416 -132.9277 0.2436 0.0004 0.0005 0.7498 0.6617
534.0000 -32.8873 -132.6728 0.2481 0.0010 0.0005 0.7504 0.6610
535.0000 -32.9021 -132.4300 0.2433 0.0009 0.0003 0.7493 0.6622
536.0000 -32.9614 -131.9017 0.2447 0.0012 0.0005 0.7489 0.6627
537.0000 -33.0290 -131.3492 0.2404 0.0013 0.0004 0.7488 0.6628
538.0000 -33.0544 -131.0636 0.2382 0.0011 0.0002 0.7488 0.6628
539.0000 -33.1255 -130.5057 0.2412 0.0012 0.0001 0.7459 0.6661
540.0000 -33.1558 -130.2193 0.2401 0.0010 0.0001 0.7450 0.6670
541.0000 -33.2194 -129.6271 0.2374 0.0011 -0.0000 0.7448 0.6672
542.0000 -33.2463 -129.3302 0.2386 0.0012 -0.0000 0.7453 0.6667
543.0000 -33.3114 -128.7153 0.2311 0.0012 -0.0001 0.7447 0.6674
544.0000 -33.3456 -128.4072 0.2304 0.0011 -0.0003 0.7424 0.6699
545.0000 -33.3987 -127.7583 0.2328 0.0007 -0.0008 0.7376 0.6753
546.0000 -33.4266 -127.4327 0.2312 0.0007 -0.0007 0.7371 0.6758
547.0000 -33.4754 -126.7850 0.2280 0.0009 -0.0006 0.7364 0.6766
548.0000 -33.5101 -126.4648 0.2319 0.0008 -0.0007 0.7351 0.6780
549.0000 -33.5567 -125.7617 0.2238 0.0002 -0.0012 0.7307 0.6827
550.0000 -33.5820 -125.0903 0.2262 0.0003 -0.0013 0.7275 0.6861
551.0000 -33.6162 -124.3686 0.2210 0.0004 -0.0011 0.7268 0.6869
552.0000 -33.6372 -124.0261 0.2251 0.0003 -0.0012 0.7271 0.6865
553.0000 -33.6783 -123.3003 0.2238 0.0008 -0.0006 0.7270 0.6866
554.0000 -33.7000 -122.9409 0.2253 0.0007 -0.0007 0.7266 0.6871
555.0000 -33.7593 -122.1777 0.2226 0.0006 -0.0008 0.7245 0.6893
556.0000 -33.7710 -121.4144 0.2152 0.0001 -0.0013 0.7184 0.6957
557.0000 -33.7852 -120.6462 0.2135 -0.0004 -0.0019 0.7135 0.7007
558.0000 -33.7819 -120.2397 0.2159 -0.0005 -0.0018 0.7128 0.7014
559.0000 -33.7994 -119.4816 0.2090 -0.0001 -0.0014 0.7120 0.7021
560.0000 -33.8005 -118.6710 0.2053 -0.0000 -0.0013 0.7118 0.7024
561.0000 -33.8026 -118.2562 0.2112 0.0001 -0.0012 0.7115 0.7026
562.0000 -33.8252 -117.4436 0.2117 0.0001 -0.0011 0.7109 0.7033
563.0000 -33.8391 -116.5942 0.2000 -0.0000 -0.0012 0.7072 0.7071
564.0000 -33.8252 -116.1932 0.2013 0.0001 -0.0012 0.7056 0.7086
565.0000 -33.8096 -115.3388 0.2049 -0.0000 -0.0014 0.7038 0.7104
566.0000 -33.8103 -114.4687 0.1990 0.0002 -0.0011 0.7033 0.7109
567.0000 -33.7837 -114.0399 0.1986 0.0003 -0.0010 0.7029 0.7113
568.0000 -33.7766 -113.1623 0.1939 0.0001 -0.0008 0.7028 0.7114
569.0000 -33.7672 -112.2890 0.1923 0.0003 -0.0002 0.7028 0.7114
570.0000 -33.7573 -111.8293 0.1902 -0.0001 0.0001 0.7031 0.7111
571.0000 -33.7414 -110.9757 0.1908 0.0001 -0.0001 0.7031 0.7111
572.0000 -33.7435 -110.5343 0.1895 0.0003 -0.0000 0.7027 0.7115
573.0000 -33.7365 -109.6383 0.1849 0.0004 -0.0001 0.7027 0.7115
574.0000 -33.7179 -108.7094 0.1833 0.0006 0.0001 0.7027 0.7115
575.0000 -33.6983 -107.7944 0.1762 0.0008 0.0001 0.7027 0.7115
576.0000 -33.7030 -107.3392 0.1818 0.0009 0.0001 0.7029 0.7112
577.0000 -33.7082 -106.8677 0.1798 0.0009 0.0001 0.7027 0.7115
578.0000 -33.6918 -105.9039 0.1751 0.0011 0.0001 0.7026 0.7116
579.0000 -33.6845 -104.9327 0.1737 0.0011 0.0001 0.7027 0.7115
580.0000 -33.6810 -103.9745 0.1690 0.0012 0.0002 0.7027 0.7115
581.0000 -33.6796 -103.5152 0.1706 0.0012 0.0002 0.7029 0.7113
582.0000 -33.6758 -102.5163 0.1652 0.0012 0.0001 0.7029 0.7113
583.0000 -33.6672 -102.0125 0.1639 0.0013 0.0002 0.7028 0.7114
584.0000 -33.6551 -101.0035 0.1663 0.0012 0.0002 0.7028 0.7114
585.0000 -33.6347 -99.9941 0.1650 0.0011 0.0002 0.7028 0.7114
586.0000 -33.6207 -98.9617 0.1602 0.0012 0.0002 0.7028 0.7114
587.0000 -33.6242 -98.4512 0.1630 0.0011 0.0002 0.7029 0.7113
588.0000 -33.6138 -97.9400 0.1616 0.0012 0.0002 0.7028 0.7114
589.0000 -33.5919 -96.8775 0.1568 0.0011 0.0001 0.7027 0.7115
590.0000 -33.5970 -96.3604 0.1542 0.0011 0.0001 0.7029 0.7113
591.0000 -33.5814 -95.2946 0.1540 0.0010 0.0001 0.7028 0.7114
592.0000 -33.5640 -94.2210 0.1529 0.0010 -0.0000 0.7028 0.7114
593.0000 -33.5482 -93.1218 0.1520 0.0010 -0.0001 0.7028 0.7114
594.0000 -33.5399 -92.5930 0.1485 0.0009 -0.0000 0.7028 0.7114
595.0000 -33.5390 -92.0545 0.1454 0.0008 -0.0000 0.7028 0.7113
596.0000 -33.5242 -90.9495 0.1509 0.0008 0.0000 0.7028 0.7113
597.0000 -33.5138 -89.8343 0.1418 0.0009 -0.0001 0.7028 0.7114
598.0000 -33.4906 -88.7029 0.1434 0.0007 -0.0001 0.7028 0.7114
599.0000 -33.4858 -88.1548 0.1396 0.0007 -0.0001 0.7028 0.7114
600.0000 -33.4689 -86.9889 0.1356 0.0007 -0.0001 0.7027 0.7115
601.0000 -33.4583 -86.4318 0.1339 0.0010 -0.0002 0.7027 0.7115
602.0000 -33.4347 -85.2826 0.1322 0.0011 -0.0002 0.7027 0.7115
603.0000 -33.4195 -84.1142 0.1379 0.0010 0.0001 0.7027 0.7115
604.0000 -33.3934 -82.9400 0.1299 0.0010 0.0001 0.7027 0.7115
605.0000 -33.3891 -82.3758 0.1272 0.0011 0.0002 0.7027 0.7115
606.0000 -33.3913 -81.1896 0.1306 0.0007 0.0005 0.7027 0.7115
607.0000 -33.3847 -80.6140 0.1331 0.0002 0.0008 0.7026 0.7115
608.0000 -33.3612 -78.8718 0.1201 0.0001 0.0006 0.7027 0.7115
609.0000 -33.3515 -77.7193 0.1212 -0.0003 0.0011 0.7027 0.7115
610.0000 -33.3482 -77.1570 0.1234 -0.0004 0.0012 0.7027 0.7115
611.0000 -33.3378 -76.5987 0.1217 -0.0006 0.0012 0.7027 0.7114
612.0000 -33.3247 -75.4732 0.1127 -0.0008 0.0015 0.7027 0.7114
613.0000 -33.3036 -74.3743 0.1109 -0.0008 0.0016 0.7027 0.7114
614.0000 -33.2887 -73.2648 0.1125 -0.0008 0.0017 0.7027 0.7114
615.0000 -33.2738 -72.1852 0.1112 -0.0009 0.0017 0.7028 0.7114
616.0000 -33.2679 -71.6474 0.1061 -0.0009 0.0016 0.7028 0.7114
617.0000 -33.2601 -71.1068 0.1021 -0.0009 0.0016 0.7028 0.7114
618.0000 -33.2393 -70.0199 0.1044 -0.0008 0.0017 0.7027 0.7115
619.0000 -33.2216 -68.9825 0.1116 -0.0009 0.0018 0.7027 0.7115
620.0000 -33.2200 -68.4577 0.1109 -0.0010 0.0019 0.7028 0.7114
621.0000 -33.2059 -67.4028 0.1186 -0.0012 0.0025 0.7026 0.7115
622.0000 -33.1907 -66.3740 0.1120 -0.0009 0.0024 0.7027 0.7115
623.0000 -33.1778 -65.8787 0.0976 -0.0006 0.0020 0.7027 0.7114
624.0000 -33.1808 -65.3595 0.0869 -0.0023 0.0040 0.7028 0.7114
625.0000 -33.1612 -64.3490 0.1123 -0.0009 0.0027 0.7027 0.7114
626.0000 -33.1469 -63.3487 0.0987 -0.0006 0.0025 0.7028 0.7114
627.0000 -33.1305 -62.3477 0.0978 -0.0005 0.0025 0.7027 0.7115
628.0000 -33.1293 -61.8539 0.0927 -0.0004 0.0021 0.7028 0.7114
629.0000 -33.1221 -60.8587 0.0910 -0.0002 0.0019 0.7028 0.7114
630.0000 -33.1083 -60.3594 0.0847 -0.0002 0.0015 0.7028 0.7114
631.0000 -33.0922 -58.8365 0.0800 0.0002 0.0010 0.7027 0.7115
632.0000 -33.0793 -57.8196 0.0809 0.0003 0.0008 0.7027 0.7114
633.0000 -33.0639 -56.7868 0.0740 0.0004 0.0005 0.7027 0.7115
634.0000 -33.0584 -56.2760 0.0756 0.0004 0.0006 0.7027 0.7115
635.0000 -33.0457 -55.2291 0.0739 0.0006 0.0005 0.7027 0.7115
636.0000 -33.0314 -54.1791 0.0716 0.0007 0.0004 0.7027 0.7115
637.0000 -33.0209 -53.1013 0.0702 0.0008 0.0004 0.7027 0.7115
638.0000 -33.0132 -52.0264 0.0691 0.0010 0.0003 0.7027 0.7115
639.0000 -33.0032 -51.4878 0.0667 0.0011 0.0001 0.7027 0.7115
640.0000 -32.9854 -50.3979 0.0675 0.0013 0.0003 0.7026 0.7116
641.0000 -32.9829 -49.3002 0.0626 0.0016 0.0005 0.7027 0.7115
642.0000 -32.9660 -48.1890 0.0603 0.0015 0.0003 0.7027 0.7115
643.0000 -32.9500 -47.0831 0.0601 0.0015 0.0001 0.7027 0.7115
644.0000 -32.9348 -45.9427 0.0596 0.0010 0.0003 0.7027 0.7115
645.0000 -32.9278 -45.4010 0.0638 0.0009 0.0004 0.7026 0.7116
646.0000 -32.9175 -44.2802 0.0585 0.0006 0.0005 0.7026 0.7116
647.0000 -32.9134 -43.1510 0.0546 0.0009 0.0004 0.7027 0.7115
648.0000 -32.8791 -41.9983 0.0591 0.0010 0.0003 0.7026 0.7115
649.0000 -32.8766 -41.4492 0.0550 0.0011 0.0003 0.7026 0.7116
650.0000 -32.8715 -40.3034 0.0605 0.0010 0.0002 0.7026 0.7116
651.0000 -32.8579 -39.7397 0.0595 0.0007 0.0001 0.7026 0.7116
652.0000 -32.8282 -38.0027 0.0654 0.0004 0.0000 0.7026 0.7116
653.0000 -32.8169 -36.8817 0.0548 0.0001 0.0002 0.7026 0.7116
654.0000 -32.8115 -36.3241 0.0537 -0.0001 0.0004 0.7026 0.7115
655.0000 -32.7994 -35.2027 0.0535 -0.0001 0.0005 0.7026 0.7116
656.0000 -32.7850 -34.6402 0.0557 -0.0002 0.0006 0.7027 0.7115
657.0000 -32.7771 -34.0790 0.0596 -0.0002 0.0007 0.7027 0.7115
658.0000 -32.7557 -32.4030 0.0479 -0.0003 0.0009 0.7026 0.7116
659.0000 -32.7509 -31.3042 0.0463 -0.0005 0.0010 0.7026 0.7116
660.0000 -32.7261 -30.2048 0.0455 -0.0005 0.0010 0.7026 0.7115
661.0000 -32.7180 -29.6775 0.0502 -0.0006 0.0010 0.7026 0.7116
662.0000 -32.7166 -29.1169 0.0462 -0.0004 0.0009 0.7026 0.7115
663.0000 -32.7049 -28.0328 0.0388 -0.0003 0.0009 0.7026 0.7116
664.0000 -32.6911 -26.9376 0.0383 -0.0002 0.0008 0.7026 0.7116
665.0000 -32.6687 -25.3381 0.0371 -0.0005 0.0011 0.7027 0.7115
666.0000 -32.6672 -24.8194 0.0402 -0.0007 0.0010 0.7026 0.7116
667.0000 -32.6593 -24.2816 0.0375 -0.0009 0.0012 0.7026 0.7116
668.0000 -32.6466 -23.2534 0.0381 -0.0010 0.0011 0.7027 0.7115
669.0000 -32.6423 -22.7164 0.0368 -0.0015 0.0013 0.7027 0.7115
670.0000 -32.6198 -21.1923 0.0370 -0.0013 0.0012 0.7027 0.7115
671.0000 -32.6037 -20.1843 0.0391 -0.0010 0.0011 0.7026 0.7116
672.0000 -32.5988 -19.6746 0.0379 -0.0007 0.0009 0.7026 0.7115
673.0000 -32.5880 -19.1507 0.0335 -0.0014 0.0012 0.7027 0.7115
674.0000 -32.5898 -18.1831 0.0393 -0.0021 0.0014 0.7027 0.7115
675.0000 -32.5763 -17.2115 0.0414 -0.0025 0.0016 0.7027 0.7115
676.0000 -32.5803 -16.3039 0.0384 -0.0030 0.0016 0.7013 0.7129
677.0000 -32.5581 -15.4329 0.0368 -0.0038 0.0015 0.6967 0.7174
678.0000 -32.5499 -14.9760 0.0350 -0.0040 0.0014 0.6930 0.7209
679.0000 -32.5265 -14.5716 0.0378 -0.0048 0.0014 0.6888 0.7249
680.0000 -32.4488 -13.7337 0.0258 -0.0055 0.0007 0.6790 0.7341
681.0000 -32.3326 -12.5328 0.0212 -0.0062 0.0002 0.6667 0.7453
682.0000 -32.2359 -11.7591 0.0225 -0.0063 0.0003 0.6639 0.7478
683.0000 -32.1802 -11.3988 0.0208 -0.0064 0.0005 0.6637 0.7479
684.0000 -32.1470 -11.0380 0.0244 -0.0061 0.0005 0.6626 0.7490
685.0000 -32.0685 -10.3555 0.0199 -0.0061 0.0003 0.6593 0.7519
686.0000 -31.9460 -9.6559 0.0211 -0.0061 0.0001 0.6515 0.7586
687.0000 -31.7595 -8.7101 0.0163 -0.0075 0.0004 0.6357 0.7719
688.0000 -31.6969 -8.4121 0.0206 -0.0077 0.0004 0.6293 0.7771
689.0000 -31.6191 -8.1225 0.0190 -0.0085 0.0004 0.6230 0.7821
690.0000 -31.4302 -7.5366 0.0139 -0.0084 0.0001 0.6102 0.7922
691.0000 -31.2509 -6.9934 0.0083 -0.0087 -0.0001 0.5958 0.8030
692.0000 -31.0582 -6.5075 0.0114 -0.0091 -0.0000 0.5817 0.8134
693.0000 -30.8620 -6.0485 0.0129 -0.0094 -0.0000 0.5680 0.8230
694.0000 -30.7570 -5.8278 0.0096 -0.0088 -0.0008 0.5613 0.8276
695.0000 -30.6463 -5.5919 0.0135 -0.0092 -0.0000 0.5559 0.8312
696.0000 -30.4577 -5.2055 0.0135 -0.0095 -0.0002 0.5425 0.8400
697.0000 -30.2333 -4.8174 0.0136 -0.0097 -0.0002 0.5271 0.8498
698.0000 -29.9824 -4.4373 0.0118 -0.0096 -0.0004 0.5093 0.8605
699.0000 -29.7328 -4.0786 0.0067 -0.0093 -0.0007 0.4931 0.8699
700.0000 -29.6161 -3.8912 0.0073 -0.0084 -0.0013 0.4828 0.8757
701.0000 -29.3356 -3.5598 0.0044 -0.0075 -0.0018 0.4648 0.8854
702.0000 -29.1760 -3.3745 0.0063 -0.0086 -0.0012 0.4577 0.8891
703.0000 -28.7317 -2.8848 0.0084 -0.0082 -0.0018 0.4299 0.9029
704.0000 -28.4208 -2.5870 0.0006 -0.0081 -0.0020 0.4121 0.9111
705.0000 -28.2589 -2.4244 0.0060 -0.0081 -0.0018 0.4032 0.9151
706.0000 -27.9208 -2.1349 -0.0038 -0.0081 -0.0021 0.3848 0.9230
707.0000 -27.7571 -2.0000 -0.0017 -0.0083 -0.0021 0.3749 0.9270
708.0000 -27.2350 -1.6034 -0.0026 -0.0082 -0.0023 0.3474 0.9377
709.0000 -26.8787 -1.3366 -0.0002 -0.0081 -0.0026 0.3293 0.9442
710.0000 -26.4880 -1.0918 -0.0015 -0.0084 -0.0024 0.3108 0.9504
711.0000 -26.3204 -0.9904 0.0009 -0.0085 -0.0025 0.3024 0.9531
712.0000 -26.1173 -0.8828 0.0087 -0.0086 -0.0024 0.2915 0.9565
713.0000 -25.7193 -0.6761 0.0013 -0.0085 -0.0024 0.2732 0.9619
714.0000 -25.1178 -0.3950 0.0023 -0.0087 -0.0024 0.2448 0.9695
715.0000 -24.7174 -0.2020 0.0018 -0.0087 0.0006 0.2247 0.9744
716.0000 -24.5165 -0.1352 0.0032 -0.0091 -0.0006 0.2150 0.9766
717.0000 -24.0933 -0.0179 0.0005 -0.0083 0.0005 0.1967 0.9804
718.0000 -23.8885 0.0517 -0.0024 -0.0077 0.0002 0.1867 0.9824
719.0000 -23.2780 0.2212 -0.0015 -0.0079 -0.0002 0.1592 0.9872
720.0000 -22.8732 0.3272 -0.0029 -0.0079 -0.0001 0.1408 0.9900
721.0000 -22.4596 0.3939 -0.0059 -0.0078 -0.0003 0.1234 0.9923
722.0000 -22.2669 0.4181 -0.0028 -0.0078 0.0002 0.1132 0.9935
723.0000 -21.8700 0.4759 -0.0013 -0.0067 -0.0001 0.1023 0.9947
724.0000 -21.4706 0.5580 -0.0062 -0.0043 0.0008 0.1009 0.9949
725.0000 -21.0804 0.6164 -0.0024 -0.0030 0.0008 0.0992 0.9951
726.0000 -20.6871 0.6884 -0.0016 -0.0032 0.0006 0.0923 0.9957
727.0000 -20.4723 0.7180 0.0024 -0.0035 0.0008 0.0864 0.9963
728.0000 -20.2849 0.7321 -0.0027 -0.0037 0.0007 0.0788 0.9969
729.0000 -19.8769 0.7693 0.0099 -0.0045 0.0011 0.0627 0.9980
730.0000 -19.4844 0.8038 -0.0053 -0.0034 0.0001 0.0564 0.9984
731.0000 -19.0591 0.8390 0.0001 -0.0022 -0.0009 0.0552 0.9985
732.0000 -18.6236 0.8796 -0.0088 -0.0016 -0.0009 0.0549 0.9985
733.0000 -18.3907 0.8943 -0.0054 -0.0014 -0.0009 0.0562 0.9984
734.0000 -18.1651 0.9195 -0.0049 -0.0014 -0.0010 0.0548 0.9985
735.0000 -17.6838 0.9708 -0.0068 -0.0009 -0.0013 0.0549 0.9985
736.0000 -17.1949 1.0231 -0.0090 -0.0008 -0.0013 0.0548 0.9985
737.0000 -16.6921 1.0926 -0.0058 -0.0006 -0.0018 0.0551 0.9985
738.0000 -16.1498 1.1470 -0.0107 -0.0006 -0.0016 0.0550 0.9985
739.0000 -15.8812 1.1879 -0.0098 -0.0005 -0.0018 0.0543 0.9985
740.0000 -15.3320 1.2351 -0.0121 -0.0015 -0.0016 0.0477 0.9989
741.0000 -15.0425 1.2531 -0.0085 -0.0024 -0.0016 0.0404 0.9992
742.0000 -14.1869 1.2892 -0.0137 -0.0023 -0.0018 0.0335 0.9994
743.0000 -13.6074 1.3252 -0.0149 -0.0019 -0.0017 0.0326 0.9995
744.0000 -12.9992 1.3767 -0.0124 -0.0018 -0.0017 0.0326 0.9995
745.0000 -12.6826 1.3850 -0.0138 -0.0015 -0.0017 0.0318 0.9995
746.0000 -12.0491 1.4325 -0.0123 -0.0014 -0.0018 0.0317 0.9995
747.0000 -11.7478 1.4543 -0.0135 -0.0014 -0.0017 0.0325 0.9995
748.0000 -11.0841 1.4888 -0.0135 -0.0012 -0.0018 0.0324 0.9995
749.0000 -10.4227 1.5268 -0.0163 -0.0008 -0.0018 0.0326 0.9995
750.0000 -9.7566 1.5976 -0.0121 -0.0007 -0.0018 0.0324 0.9995
751.0000 -9.4036 1.6030 -0.0119 -0.0006 -0.0018 0.0318 0.9995
752.0000 -8.7134 1.6462 -0.0181 -0.0005 -0.0019 0.0317 0.9995
753.0000 -8.0028 1.6906 -0.0191 -0.0004 -0.0019 0.0316 0.9995
754.0000 -7.2687 1.7334 -0.0220 -0.0006 -0.0016 0.0317 0.9995
755.0000 -6.5636 1.7706 -0.0141 -0.0006 -0.0013 0.0317 0.9995
756.0000 -6.2197 1.8071 -0.0240 -0.0005 -0.0015 0.0325 0.9995
757.0000 -5.4948 1.8470 -0.0116 -0.0007 -0.0011 0.0324 0.9995
758.0000 -5.1356 1.8668 -0.0123 -0.0005 -0.0010 0.0318 0.9995
759.0000 -4.4382 1.9069 -0.0131 -0.0005 -0.0006 0.0317 0.9995
760.0000 -3.4183 1.9837 -0.0365 -0.0004 0.0013 0.0325 0.9995
761.0000 -2.7649 2.0135 -0.0293 -0.0004 0.0015 0.0323 0.9995
762.0000 -2.4432 2.0516 -0.0297 -0.0006 0.0015 0.0305 0.9995
763.0000 -1.7844 2.0734 -0.0278 -0.0013 0.0017 0.0241 0.9997
764.0000 -1.1652 2.0700 -0.0187 -0.0032 0.0020 0.0112 0.9999
765.0000 -0.5558 2.0674 -0.0263 -0.0055 0.0022 -0.0072 1.0000
766.0000 0.0501 2.0139 -0.0244 -0.0068 0.0022 -0.0281 0.9996
767.0000 0.6471 1.9530 -0.0326 -0.0075 0.0022 -0.0498 0.9987
768.0000 0.9353 1.9011 -0.0319 -0.0089 0.0022 -0.0604 0.9981
769.0000 1.5075 1.7918 -0.0270 -0.0099 0.0022 -0.0822 0.9966
770.0000 2.0927 1.6586 -0.0235 -0.0105 0.0024 -0.1038 0.9945
771.0000 2.6318 1.5008 -0.0269 -0.0103 0.0019 -0.1188 0.9929
772.0000 3.1987 1.3576 -0.0318 -0.0090 0.0015 -0.1238 0.9923
773.0000 3.7588 1.1944 -0.0300 -0.0060 0.0011 -0.1258 0.9920
774.0000 4.0211 1.1076 -0.0331 -0.0058 0.0011 -0.1287 0.9917
775.0000 4.6067 0.9375 -0.0293 -0.0057 0.0014 -0.1391 0.9903
776.0000 5.1516 0.7609 -0.0254 -0.0071 0.0027 -0.1557 0.9878
777.0000 5.9263 0.4335 -0.0308 -0.0076 0.0023 -0.1864 0.9824
778.0000 6.2020 0.3027 -0.0283 -0.0080 0.0021 -0.1964 0.9805
779.0000 6.7093 0.0539 -0.0396 -0.0087 0.0035 -0.2171 0.9761
780.0000 7.1928 -0.2245 -0.0274 -0.0095 0.0025 -0.2380 0.9712
781.0000 7.6938 -0.5390 -0.0339 -0.0099 0.0038 -0.2579 0.9661
782.0000 8.1355 -0.8385 -0.0399 -0.0111 0.0039 -0.2786 0.9603
783.0000 8.5691 -1.1649 -0.0395 -0.0107 0.0039 -0.2993 0.9541
784.0000 8.7587 -1.3320 -0.0301 -0.0100 0.0052 -0.3087 0.9511
785.0000 9.1543 -1.6685 -0.0376 -0.0084 0.0063 -0.3291 0.9442
786.0000 9.5221 -2.0165 -0.0363 -0.0088 0.0054 -0.3494 0.9369
787.0000 9.8662 -2.3652 -0.0361 -0.0088 0.0074 -0.3684 0.9296
788.0000 10.1912 -2.7306 -0.0305 -0.0095 0.0071 -0.3873 0.9219
789.0000 10.3369 -2.9054 -0.0313 -0.0093 0.0058 -0.3977 0.9175
790.0000 10.6130 -3.2527 -0.0308 -0.0086 0.0047 -0.4109 0.9116
791.0000 10.9122 -3.6018 -0.0389 -0.0060 0.0050 -0.4150 0.9098
792.0000 11.1902 -3.9430 -0.0341 -0.0039 0.0039 -0.4151 0.9098
793.0000 11.4582 -4.2752 -0.0341 -0.0026 0.0019 -0.4148 0.9099
794.0000 11.7316 -4.5966 -0.0320 -0.0027 0.0021 -0.4210 0.9071
795.0000 11.8604 -4.7716 -0.0275 -0.0029 0.0025 -0.4282 0.9037
796.0000 12.1004 -5.1143 -0.0334 -0.0050 0.0042 -0.4400 0.8980
797.0000 12.3288 -5.4622 -0.0420 -0.0059 0.0037 -0.4555 0.8902
798.0000 12.5246 -5.8020 -0.0312 -0.0058 0.0043 -0.4713 0.8819
799.0000 12.7005 -6.1618 -0.0297 -0.0049 0.0044 -0.4866 0.8736
800.0000 12.8779 -6.4998 -0.0322 -0.0047 0.0048 -0.5023 0.8647
801.0000 12.9511 -6.6634 -0.0354 -0.0048 0.0039 -0.5062 0.8624
802.0000 13.1095 -6.9976 -0.0364 -0.0035 0.0047 -0.5138 0.8579
803.0000 13.2520 -7.3410 -0.0356 -0.0040 0.0044 -0.5236 0.8520
804.0000 13.3873 -7.6810 -0.0329 -0.0044 0.0047 -0.5372 0.8434
805.0000 13.5064 -8.0083 -0.0313 -0.0046 0.0048 -0.5529 0.8332
806.0000 13.5546 -8.1712 -0.0302 -0.0046 0.0048 -0.5598 0.8286
807.0000 13.6327 -8.5010 -0.0307 -0.0043 0.0049 -0.5734 0.8193
808.0000 13.7347 -8.8267 -0.0390 -0.0043 0.0040 -0.5820 0.8132
809.0000 13.8224 -9.1539 -0.0260 -0.0027 0.0030 -0.5874 0.8093
810.0000 13.9131 -9.5050 -0.0234 -0.0029 0.0021 -0.5955 0.8034
811.0000 13.9489 -9.6749 -0.0319 -0.0032 0.0021 -0.6000 0.8000
812.0000 14.0137 -10.0315 -0.0259 -0.0033 0.0024 -0.6139 0.7894
813.0000 14.0286 -10.2031 -0.0259 -0.0033 0.0031 -0.6197 0.7848
814.0000 14.0945 -10.7198 -0.0360 -0.0045 0.0036 -0.6413 0.7673
815.0000 14.1226 -11.1036 -0.0404 -0.0047 0.0031 -0.6538 0.7566
816.0000 14.1675 -11.4953 -0.0309 -0.0042 0.0012 -0.6593 0.7519
817.0000 14.1827 -11.6930 -0.0268 -0.0034 0.0012 -0.6612 0.7502
818.0000 14.1996 -11.9062 -0.0290 -0.0035 0.0004 -0.6606 0.7507
819.0000 14.2462 -12.3252 -0.0326 -0.0023 0.0002 -0.6607 0.7506
820.0000 14.3078 -12.7667 -0.0296 -0.0026 -0.0010 -0.6605 0.7508
821.0000 14.3563 -13.2311 -0.0280 -0.0028 -0.0018 -0.6608 0.7505
822.0000 14.4204 -13.7016 -0.0327 -0.0028 -0.0019 -0.6605 0.7508
823.0000 14.4553 -13.9464 -0.0291 -0.0025 -0.0013 -0.6607 0.7506
824.0000 14.4848 -14.1999 -0.0310 -0.0028 -0.0020 -0.6608 0.7506
825.0000 14.5448 -14.7057 -0.0334 -0.0027 -0.0021 -0.6607 0.7507
826.0000 14.6149 -15.2466 -0.0321 -0.0027 -0.0021 -0.6606 0.7507
827.0000 14.6934 -15.7656 -0.0295 -0.0027 -0.0022 -0.6609 0.7504
828.0000 14.7569 -16.3312 -0.0297 -0.0027 -0.0021 -0.6606 0.7508
829.0000 14.7953 -16.6273 -0.0204 -0.0023 -0.0011 -0.6609 0.7504
830.0000 14.8690 -17.2078 -0.0257 -0.0024 -0.0013 -0.6606 0.7507
831.0000 14.9456 -17.7911 -0.0225 -0.0024 -0.0012 -0.6609 0.7505
832.0000 15.0207 -18.3973 -0.0293 -0.0023 -0.0011 -0.6607 0.7507
833.0000 15.0661 -18.7243 -0.0288 -0.0027 -0.0020 -0.6607 0.7507
834.0000 15.1431 -19.3383 -0.0269 -0.0027 -0.0018 -0.6609 0.7505
835.0000 15.1947 -19.6728 -0.0214 -0.0024 -0.0012 -0.6608 0.7505
836.0000 15.2749 -20.3048 -0.0225 -0.0024 -0.0012 -0.6608 0.7505
837.0000 15.3484 -20.9684 -0.0169 -0.0024 -0.0010 -0.6608 0.7505
838.0000 15.4382 -21.6499 -0.0181 -0.0024 -0.0011 -0.6613 0.7501
839.0000 15.5266 -22.3542 -0.0238 -0.0027 -0.0009 -0.6660 0.7460
840.0000 15.5575 -22.7085 -0.0249 -0.0032 -0.0010 -0.6701 0.7422
841.0000 15.5702 -23.0523 -0.0192 -0.0034 0.0003 -0.6753 0.7376
842.0000 15.6281 -23.7564 -0.0212 -0.0040 0.0010 -0.6828 0.7306
843.0000 15.6798 -24.4667 -0.0172 -0.0036 0.0011 -0.6851 0.7285
844.0000 15.7028 -25.1652 -0.0224 -0.0031 0.0013 -0.6857 0.7279
845.0000 15.7431 -25.8476 -0.0196 -0.0025 0.0016 -0.6858 0.7278
846.0000 15.7760 -26.5432 -0.0236 -0.0020 0.0017 -0.6858 0.7278
847.0000 15.7953 -26.8833 -0.0247 -0.0024 0.0008 -0.6860 0.7276
848.0000 15.8429 -27.5829 -0.0194 -0.0023 0.0007 -0.6861 0.7275
849.0000 15.8639 -28.2670 -0.0204 -0.0021 0.0004 -0.6861 0.7275
850.0000 15.9061 -28.9435 -0.0149 -0.0020 0.0002 -0.6862 0.7274
851.0000 15.9419 -29.2990 -0.0180 -0.0010 0.0008 -0.6857 0.7278
852.0000 15.9793 -29.9776 -0.0127 -0.0009 0.0005 -0.6857 0.7279
853.0000 15.9965 -30.3007 -0.0147 -0.0014 -0.0000 -0.6861 0.7275
854.0000 16.0341 -30.9960 -0.0120 -0.0015 -0.0002 -0.6860 0.7276
855.0000 16.0729 -31.6859 -0.0086 -0.0015 -0.0003 -0.6859 0.7277
856.0000 16.1195 -32.3841 -0.0163 -0.0015 -0.0004 -0.6859 0.7277
857.0000 16.1584 -33.0720 -0.0124 -0.0016 -0.0005 -0.6858 0.7278
858.0000 16.1807 -33.4432 -0.0115 -0.0012 -0.0000 -0.6856 0.7279
859.0000 16.2296 -34.1481 -0.0114 -0.0010 0.0001 -0.6858 0.7278
860.0000 16.2391 -34.5123 -0.0138 -0.0018 -0.0007 -0.6858 0.7278
861.0000 16.2774 -35.1903 -0.0111 -0.0017 -0.0005 -0.6858 0.7277
862.0000 16.3551 -36.2911 -0.0109 -0.0012 -0.0001 -0.6858 0.7278
863.0000 16.3751 -36.6230 -0.0132 -0.0019 -0.0008 -0.6859 0.7277
864.0000 16.4173 -37.3680 -0.0151 -0.0020 -0.0012 -0.6858 0.7278
865.0000 16.4464 -37.7427 -0.0093 -0.0016 -0.0007 -0.6858 0.7278
866.0000 16.4868 -38.5010 -0.0103 -0.0017 -0.0008 -0.6859 0.7277
867.0000 16.5302 -39.2767 -0.0116 -0.0018 -0.0009 -0.6858 0.7278
868.0000 16.5865 -40.0680 -0.0112 -0.0018 -0.0010 -0.6858 0.7277
869.0000 16.6291 -40.8520 -0.0053 -0.0018 -0.0009 -0.6858 0.7278
870.0000 16.6746 -41.6650 -0.0095 -0.0018 -0.0010 -0.6858 0.7277
871.0000 16.7086 -42.0800 -0.0065 -0.0021 -0.0014 -0.6865 0.7272
872.0000 16.7467 -42.8949 -0.0030 -0.0021 -0.0013 -0.6885 0.7252
873.0000 16.8000 -43.7093 -0.0034 -0.0021 -0.0012 -0.6892 0.7246
874.0000 16.8304 -44.5303 -0.0019 -0.0021 -0.0012 -0.6894 0.7244
875.0000 16.8780 -45.3558 -0.0035 -0.0021 -0.0011 -0.6894 0.7243
876.0000 16.8791 -45.7854 -0.0022 -0.0018 -0.0006 -0.6895 0.7243
877.0000 16.9200 -46.6143 0.0037 -0.0015 -0.0005 -0.6895 0.7243
878.0000 16.9681 -47.4624 0.0029 -0.0015 -0.0005 -0.6895 0.7243
879.0000 17.0035 -48.2817 0.0023 -0.0011 0.0001 -0.6895 0.7243
880.0000 17.0477 -49.0903 0.0070 -0.0008 0.0002 -0.6900 0.7239
881.0000 17.0810 -49.4844 0.0009 -0.0010 0.0003 -0.6902 0.7236
882.0000 17.0985 -50.3020 0.0025 -0.0008 0.0001 -0.6904 0.7234
883.0000 17.1347 -51.0725 0.0009 -0.0009 0.0003 -0.6905 0.7233
884.0000 17.1838 -51.8712 0.0029 -0.0009 0.0003 -0.6905 0.7233
885.0000 17.2089 -52.6426 -0.0021 -0.0008 0.0002 -0.6905 0.7233
886.0000 17.2220 -53.0644 0.0119 -0.0005 0.0006 -0.6906 0.7233
887.0000 17.2779 -53.8080 0.0176 -0.0004 0.0006 -0.6907 0.7232
888.0000 17.2997 -54.1743 0.0106 -0.0007 0.0001 -0.6904 0.7234
889.0000 17.3247 -54.9461 0.0102 -0.0008 0.0002 -0.6912 0.7227
890.0000 17.3594 -55.7116 0.0072 -0.0008 0.0001 -0.6914 0.7225
891.0000 17.3905 -56.4796 0.0135 -0.0007 0.0001 -0.6916 0.7223
892.0000 17.4112 -57.2165 0.0118 -0.0008 0.0002 -0.6915 0.7223
893.0000 17.4303 -57.5976 0.0133 -0.0005 0.0006 -0.6923 0.7216
894.0000 17.4581 -58.3348 0.0125 -0.0006 0.0010 -0.6949 0.7191
895.0000 17.4810 -58.7093 0.0264 -0.0007 0.0005 -0.6952 0.7188
896.0000 17.5046 -59.7814 0.0176 -0.0006 0.0009 -0.6958 0.7182
897.0000 17.4997 -60.4906 0.0177 -0.0007 0.0009 -0.6959 0.7181
898.0000 17.5100 -60.8598 0.0149 -0.0015 0.0001 -0.6954 0.7186
899.0000 17.5531 -61.2522 0.0139 -0.0012 0.0003 -0.6965 0.7176
900.0000 17.5517 -61.9464 0.0147 -0.0010 0.0005 -0.6969 0.7172
901.0000 17.5550 -62.6648 0.0125 -0.0009 0.0005 -0.6970 0.7171
902.0000 17.6056 -63.7462 0.0150 -0.0014 -0.0002 -0.6967 0.7173
903.0000 17.6412 -64.1371 0.0160 -0.0010 0.0003 -0.6971 0.7170
904.0000 17.6541 -64.8580 0.0177 -0.0013 0.0001 -0.6995 0.7146
905.0000 17.6418 -65.2282 0.0182 -0.0017 -0.0003 -0.7001 0.7141
906.0000 17.6634 -65.9887 0.0142 -0.0020 -0.0006 -0.7008 0.7134
907.0000 17.6923 -66.7526 0.0195 -0.0020 -0.0003 -0.7026 0.7116
908.0000 17.6887 -67.5255 0.0228 -0.0022 -0.0007 -0.7033 0.7109
909.0000 17.6814 -68.3222 0.0237 -0.0023 -0.0008 -0.7035 0.7107
910.0000 17.6955 -68.7217 0.0285 -0.0019 -0.0004 -0.7036 0.7106
911.0000 17.7008 -69.5303 0.0277 -0.0022 -0.0007 -0.7036 0.7106
912.0000 17.7040 -70.3651 0.0253 -0.0023 -0.0008 -0.7037 0.7105
913.0000 17.7043 -71.1818 0.0294 -0.0023 -0.0009 -0.7037 0.7105
914.0000 17.7175 -72.0531 0.0308 -0.0023 -0.0010 -0.7037 0.7105
915.0000 17.7242 -72.4590 0.0293 -0.0026 -0.0012 -0.7042 0.7100
916.0000 17.7200 -73.3346 0.0376 0.0028 0.0011 0.7080 -0.7062
917.0000 17.7116 -74.2097 0.0419 0.0031 0.0009 0.7144 -0.6998
918.0000 17.7123 -75.0799 0.0448 0.0031 0.0008 0.7172 -0.6968
919.0000 17.6579 -75.9717 0.0548 0.0030 0.0007 0.7182 -0.6958
920.0000 17.6350 -76.8546 0.0508 0.0030 0.0007 0.7185 -0.6955
921.0000 17.6262 -77.3074 0.0572 0.0027 0.0005 0.7186 -0.6954
922.0000 17.5809 -78.2045 0.0584 0.0026 0.0005 0.7186 -0.6954
923.0000 17.5774 -78.6569 0.0569 0.0029 0.0008 0.7187 -0.6954
924.0000 17.5380 -79.5628 0.0522 0.0029 0.0010 0.7186 -0.6954
925.0000 17.5116 -80.4982 0.0525 0.0029 0.0012 0.7186 -0.6954
926.0000 17.4969 -80.9703 0.0556 0.0037 0.0021 0.7187 -0.6953
927.0000 17.4634 -81.9186 0.0509 0.0029 0.0016 0.7186 -0.6954
928.0000 17.4517 -82.3990 0.0541 0.0031 0.0018 0.7186 -0.6954
929.0000 17.4201 -83.3781 0.0553 0.0031 0.0018 0.7186 -0.6954
930.0000 17.3816 -84.3551 0.0619 0.0028 0.0017 0.7186 -0.6954
931.0000 17.3533 -85.3403 0.0624 0.0028 0.0016 0.7187 -0.6953
932.0000 17.3213 -86.3401 0.0609 0.0025 0.0013 0.7186 -0.6954
933.0000 17.2988 -86.8529 0.0562 0.0020 0.0009 0.7187 -0.6953
934.0000 17.2688 -87.8711 0.0630 0.0020 0.0009 0.7187 -0.6953
935.0000 17.2335 -88.8889 0.0653 0.0023 0.0011 0.7187 -0.6953
936.0000 17.1990 -89.9230 0.0609 0.0024 0.0012 0.7187 -0.6953
937.0000 17.1616 -90.9843 0.0635 0.0023 0.0013 0.7187 -0.6953
938.0000 17.1470 -91.5065 0.0646 0.0024 0.0015 0.7187 -0.6953
939.0000 17.1158 -92.5732 0.0630 0.0022 0.0018 0.7187 -0.6953
940.0000 17.0935 -93.1077 0.0686 0.0020 0.0017 0.7188 -0.6953
941.0000 17.0427 -94.7405 0.0688 0.0024 0.0017 0.7188 -0.6953
942.0000 16.9986 -95.8286 0.0704 0.0022 0.0019 0.7188 -0.6952
943.0000 16.9807 -96.3786 0.0705 0.0020 0.0017 0.7188 -0.6952
944.0000 16.9442 -97.4958 0.0792 0.0023 0.0016 0.7188 -0.6952
945.0000 16.9175 -98.0287 0.0765 0.0021 0.0019 0.7183 -0.6957
946.0000 16.8836 -99.1667 0.0721 0.0022 0.0018 0.7178 -0.6962
947.0000 16.8437 -100.3061 0.0800 0.0021 0.0018 0.7176 -0.6964
948.0000 16.8134 -101.4577 0.0820 0.0020 0.0019 0.7175 -0.6966
949.0000 16.7655 -102.5871 0.0863 0.0020 0.0019 0.7175 -0.6966
950.0000 16.7577 -103.1914 0.0867 0.0019 0.0019 0.7173 -0.6967
951.0000 16.7188 -104.3455 0.0903 0.0018 0.0019 0.7174 -0.6967
952.0000 16.6801 -105.5281 0.0835 0.0018 0.0020 0.7174 -0.6966
953.0000 16.6645 -106.7328 0.0896 0.0018 0.0021 0.7169 -0.6972
954.0000 16.6370 -107.9208 0.0879 0.0014 0.0021 0.7146 -0.6995
955.0000 16.6166 -109.1330 0.0929 0.0015 0.0022 0.7135 -0.7006
956.0000 16.6055 -109.7336 0.1001 0.0013 0.0021 0.7133 -0.7008
957.0000 16.5952 -110.9176 0.0950 0.0009 0.0020 0.7129 -0.7012
958.0000 16.5629 -112.1436 0.0966 0.0008 0.0019 0.7129 -0.7012
959.0000 16.5505 -113.3234 0.1031 -0.0003 0.0008 0.7129 -0.7013
960.0000 16.5335 -114.4820 0.0993 -0.0008 -0.0005 0.7128 -0.7014
961.0000 16.5133 -115.0203 0.1043 -0.0004 0.0002 0.7128 -0.7013
962.0000 16.5032 -116.1650 0.1084 -0.0001 0.0002 0.7127 -0.7014
963.0000 16.4894 -116.7174 0.1074 -0.0002 0.0002 0.7128 -0.7014
964.0000 16.4731 -117.8743 0.0977 -0.0003 0.0004 0.7123 -0.7019
965.0000 16.4532 -118.9984 0.1029 0.0000 0.0003 0.7118 -0.7024
966.0000 16.4408 -120.1099 0.1140 -0.0009 -0.0002 0.7114 -0.7027
967.0000 16.4191 -121.1891 0.1096 -0.0019 -0.0003 0.7100 -0.7042
968.0000 16.4391 -121.7180 0.1074 -0.0013 0.0003 0.7076 -0.7066
969.0000 16.4370 -122.7707 0.1094 0.0020 -0.0000 -0.7042 0.7100
970.0000 16.4327 -123.8027 0.1164 0.0025 0.0002 -0.7028 0.7113
971.0000 16.4482 -124.8182 0.1126 0.0020 -0.0002 -0.7014 0.7127
972.0000 16.4700 -125.3214 0.1143 0.0021 -0.0001 -0.7011 0.7130
973.0000 16.4667 -126.3439 0.1127 0.0017 -0.0005 -0.7009 0.7133
974.0000 16.4819 -126.8424 0.1134 0.0014 -0.0008 -0.7008 0.7134
