1.000000000000000000e+00 0.000000000000000000e+00 0.000000000000000000e+00 0.000000000000000000e+00 0.000000000000000000e+00 1.000000000000000000e+00 0.000000000000000000e+00 0.000000000000000000e+00 0.000000000000000000e+00 0.000000000000000000e+00 1.000000000000000000e+00 0.000000000000000000e+00
9.999994600642703180e-01 7.788479467059967369e-04 6.879440702944997254e-04 3.924995877138815481e-01 -7.786663113949126918e-04 9.999996619240660856e-01 -2.642546668400442373e-04 5.117334913648231148e-03 -6.881496519218415842e-04 2.637188452878456036e-04 9.999997284511766837e-01 -5.508345242721216818e-03
9.999988129006796012e-01 1.278295383095419359e-03 8.603244418582275087e-04 6.682802931801982149e-01 -1.278093607881932619e-03 9.999991556154496086e-01 -2.350427987737277479e-04 8.133277972246891890e-03 -8.606241695380627797e-04 2.339429445847374719e-04 9.999996022982896582e-01 -1.490080672591502856e-03
9.999982898120139962e-01 1.779517805833262089e-03 5.036759135844133929e-04 8.012480582519867500e-01 -1.779416212008502144e-03 9.999983964193098762e-01 -2.020810561942635219e-04 3.598994731913292278e-02 -5.040347127371636602e-04 2.011844615114387151e-04 9.999998527368995083e-01 -3.390817657523652676e-03
9.999978359849652776e-01 2.079864848058905931e-03 -4.677179024739657647e-05 9.426205350703166230e-01 -2.079859583312512750e-03 9.999978307806045574e-01 1.123307576169675377e-04 3.775254191936870674e-02 4.700532158324537233e-05 -1.122332357753444464e-04 9.999999925971002623e-01 1.376591962779225194e-03
9.999983872705510146e-01 1.691430051117448659e-03 6.037554796464015714e-04 1.159274715729915917e+00 -1.691303939855855372e-03 9.999985478354299628e-01 -2.093275286631418922e-04 2.037669972363267620e-02 -6.041086657665920403e-04 2.083060570530364023e-04 9.999997958306324763e-01 -6.272169030184231164e-03
9.999989791932233363e-01 1.356516943977044854e-03 4.488588776289442945e-04 1.482314323539947631e+00 -1.356465287051441052e-03 9.999990733454806602e-01 -1.153694280888881764e-04 1.810958938354335218e-02 -4.490149622758563496e-04 1.147604488327056267e-04 9.999998926077957595e-01 -7.975997593540864322e-03
9.999988066094053218e-01 1.500363397879362270e-03 3.683604750053514894e-04 1.626268039065303261e+00 -1.500251685209967297e-03 9.999988286083494327e-01 -3.033592094464690730e-04 1.376233053733072129e-02 -3.688151925652297515e-04 3.028062139970501970e-04 9.999998861418687435e-01 -9.002971142106202043e-03
9.999991520758902963e-01 1.238349828249301308e-03 4.029109122813284726e-04 1.960883257539957736e+00 -1.238202095828537692e-03 9.999991661908597118e-01 -3.667058157623569094e-04 1.300998428887264156e-02 -4.033646864144944401e-04 3.662066196876356209e-04 9.999998515948097522e-01 -1.359284125622139440e-02
9.999989707196976774e-01 1.343843318256131682e-03 5.026377236601652174e-04 2.258524331631436954e+00 -1.343768393018202794e-03 9.999990859868203019e-01 -1.493721187807098966e-04 2.064043280206168812e-02 -5.028379969664183938e-04 1.486965363487371798e-04 9.999998625216349746e-01 -1.001306493713751550e-02
9.999992287924377443e-01 1.077534337462341275e-03 6.175226970598588503e-04 2.413630921539360763e+00 -1.077450987926801759e-03 9.999994103977063453e-01 -1.352908282893618358e-04 1.088074251363889411e-02 -6.176681134800857164e-04 1.346253735120375760e-04 9.999998001810351811e-01 -9.921175426531456815e-03
9.999992508836255123e-01 1.114229623568469647e-03 5.066799125770319592e-04 2.539753392852605263e+00 -1.114174344816355267e-03 9.999993733267651397e-01 -1.093691285211143130e-04 1.070819784922520321e-02 -5.068014573771942527e-04 1.088045168312821548e-04 9.999998656569208944e-01 -9.839588052446722119e-03
9.999989590776237058e-01 1.347850307859784586e-03 5.149205926790547967e-04 2.690002416973262367e+00 -1.347704320704584983e-03 9.999990515874118691e-01 -2.837557764479550944e-04 1.398782116321937996e-02 -5.153025646325252312e-04 2.830615203726446387e-04 9.999998271697063679e-01 -1.247612755406183119e-02
9.999986972668634122e-01 1.484211391774963636e-03 6.344928058304625347e-04 2.977028635187370043e+00 -1.484047975151184251e-03 9.999988655315744657e-01 -2.579480015976051634e-04 1.238561253508374538e-02 -6.348749353808647846e-04 2.570060477964552690e-04 9.999997654408263603e-01 -1.329863836499724575e-02
9.999990168940837698e-01 1.237212023695123892e-03 6.599373260245533631e-04 3.272010439513241664e+00 -1.237096237409454321e-03 9.999992193380883299e-01 -1.758297847690010445e-04 7.699606189941781385e-03 -6.601543495604588483e-04 1.750132059267483771e-04 9.999997667832790649e-01 -1.206957360334243862e-02
9.999990229551048992e-01 1.256278077314236389e-03 6.130695131347192262e-04 3.413081921713026379e+00 -1.256245984139325823e-03 9.999992095324420349e-01 -5.273062169895374317e-05 7.302520093444948672e-03 -6.131352728472018671e-04 5.196040406489525548e-05 9.999998106826089028e-01 -7.704993691077183585e-03
9.999990170475290263e-01 1.276969388245086665e-03 5.790104983755515761e-04 3.526310329491833429e+00 -1.276888972619703638e-03 9.999991750840249161e-01 -1.392329747597750508e-04 8.363463053558804761e-03 -5.791878169871442737e-04 1.384935057799716734e-04 9.999998226804950319e-01 -9.909025627469928571e-03
9.999989126689543539e-01 1.370679760173397401e-03 5.439649841422334979e-04 3.820352710553791109e+00 -1.370671023670200737e-03 9.999990604950051987e-01 -1.643325606149798382e-05 6.407752956262045309e-03 -5.439869978158911028e-04 1.568764115145351016e-05 9.999998519160111510e-01 -7.972260580160879517e-03
9.999991674178165812e-01 1.136731980668716788e-03 6.107405978182701718e-04 3.951721486811768713e+00 -1.136868684107747310e-03 9.999993287813566667e-01 2.235317229685570488e-04 5.891810205155481941e-03 -6.104860922196023252e-04 -2.242258687197999146e-04 9.999997885147231536e-01 -5.308684154287333923e-03
9.999989517755755175e-01 1.394000697068672155e-03 3.914202432314088263e-04 4.231207262245123779e+00 -1.394000743804730755e-03 9.999990283804793822e-01 -1.534189422840665612e-07 5.877527783353722612e-03 -3.914200767859721828e-04 -3.922213287382283895e-07 9.999999233950819244e-01 -8.078839053335251999e-03
9.999990997232468537e-01 1.337207222985246999e-03 1.114878402159536684e-04 4.370292418450418381e+00 -1.337205154970599885e-03 9.999991057674026962e-01 -1.862171758264078930e-05 3.070183601087285614e-03 -1.115126416151486375e-04 1.847261870328803667e-05 9.999999936118465493e-01 -6.227019095523165203e-03
9.999988909896352363e-01 1.484065025967149778e-03 -1.247818024802740684e-04 4.644344949009010293e+00 -1.484029460937518396e-03 9.999988583208215820e-01 2.846289029291604626e-04 4.115940738668141634e-03 1.252040678197049192e-04 -2.844434074016873645e-04 9.999999517079435352e-01 -5.089018140173140296e-03
9.999989874146374413e-01 1.422690756339435852e-03 3.347703169985121786e-05 4.778316990657963892e+00 -1.422700717452822245e-03 9.999989431309180832e-01 2.994323220728867274e-04 2.657344262761617872e-03 -3.305099672224910538e-05 -2.994796466691178956e-04 9.999999546097854131e-01 -5.249913718918342541e-03
9.999988187868757983e-01 1.515496137309659810e-03 -2.563129160159123413e-04 4.931816078894707189e+00 -1.515439002548062608e-03 9.999988268665581659e-01 2.229577023450909131e-04 5.471594306793256361e-03 2.566505068633463563e-04 -2.225690123947394127e-04 9.999999422967743579e-01 -5.428125847796743189e-03
9.999990115436345750e-01 1.258890835998278338e-03 -6.261833731094599859e-04 5.240453444643721426e+00 -1.258907051393471158e-03 9.999992072510246466e-01 -2.550212223873193446e-05 5.758056026296948238e-05 6.261507723152477927e-04 2.629040369486972237e-05 9.999998036219932551e-01 -6.403079631179047285e-03
9.999990145984952727e-01 1.340391401198005178e-03 -4.173163429355056090e-04 5.372892680696532253e+00 -1.340284924206986295e-03 9.999990692230286138e-01 2.553221462686642738e-04 2.396435992332198762e-03 4.176581861164578081e-04 -2.547625718707755178e-04 9.999998803288285831e-01 -5.441332730352192032e-03
9.999990193951348028e-01 1.214321137886993250e-03 -6.975908132962381838e-04 5.668390772275690104e+00 -1.214098510227192571e-03 9.999992119506695420e-01 3.194727646910674188e-04 -1.910777268034942120e-03 6.979782060914084020e-04 -3.186255074473489041e-04 9.999997056520616434e-01 -2.834673992379188167e-03
9.999991034060916606e-01 1.064276985710056831e-03 -8.127124401926619918e-04 5.836832416095159459e+00 -1.064706986344780056e-03 9.999992933612875667e-01 -5.288439834169969024e-04 -9.338709492814354154e-04 8.121490294180078173e-04 5.297088098716654352e-04 9.999995299111549274e-01 -3.723364701952299946e-03
9.999984223892182111e-01 1.240808040818164315e-03 -1.271068243868330025e-03 6.141494263466872106e+00 -1.240174948242333316e-03 9.999991066087223768e-01 4.987462830402052041e-04 -1.431241732123370155e-03 1.271685956705372088e-03 -4.971691492191398620e-04 9.999990678183977577e-01 -6.212869539223841997e-04
9.999983418745433950e-01 9.358322907214346046e-04 -1.562199119045853046e-03 6.487366179711395731e+00 -9.350987669585240176e-04 9.999994522462697377e-01 4.702100131774320044e-04 -8.305192303501999010e-03 1.562638301059210205e-03 -4.687484230402757211e-04 9.999986692173424840e-01 -8.093855879671039630e-04
9.999981903060178867e-01 1.208731050715175330e-03 -1.469133736672455313e-03 6.606144533451431045e+00 -1.207916927764147910e-03 9.999991165038926155e-01 5.549127227114511928e-04 -6.620828876649199890e-03 1.469803178936896111e-03 -5.531371269795602079e-04 9.999987668582066558e-01 1.119058394264408045e-03
9.999971896045258823e-01 1.292636613252490024e-03 -1.987428900848675888e-03 6.971311369775464506e+00 -1.292909418680311196e-03 9.999991549460492957e-01 -1.359868464244772966e-04 -1.525442002869099607e-03 1.987251439787422833e-03 1.385560297925242889e-04 9.999980158150023613e-01 -3.208441514165338154e-03
9.999976605205322944e-01 1.368401718702984271e-03 -1.675240340545049124e-03 7.299123158113213883e+00 -1.368249824185050704e-03 9.999990597309535989e-01 9.181300187353272477e-05 -4.293187487214623205e-03 1.675364402437974588e-03 -8.952063977748149113e-05 9.999985925690966226e-01 4.342966083825275034e-03
9.999994050951879210e-01 1.048359338041417784e-03 -3.012506740143799846e-04 7.663548011074061250e+00 -1.048400589707155616e-03 9.999994410695380864e-01 -1.368094105873477828e-04 -1.080450738316100258e-02 3.011070802130804292e-04 1.371251605830574435e-04 9.999999452656067600e-01 5.153678303977823026e-04
9.999961253640853309e-01 1.338181531890315565e-03 -2.441009423238729280e-03 7.833117048614717248e+00 -1.337215716584709644e-03 9.999990270222369748e-01 3.972514401386198816e-04 -7.817563757416637685e-03 2.441538642731551616e-03 -3.939857447688365172e-04 9.999969418274682331e-01 5.841100135246520692e-03
9.999955559515472103e-01 2.770445491082722950e-03 -1.101230646589903281e-03 8.199132089087136421e+00 -2.770461666750709435e-03 9.999961621770728781e-01 -1.316352879567258291e-05 -1.579225365629387604e-02 1.101189951422681121e-03 1.621438758894122852e-05 9.999993935587083715e-01 4.237051583175985292e-04
9.999938878278561427e-01 2.658298691316324843e-03 -2.271069130795351238e-03 8.557870977609431051e+00 -2.658072033088224474e-03 9.999964620348181787e-01 1.028149476202421583e-04 -1.816163556536260285e-02 2.271334408672547479e-03 -9.677765385580623485e-05 9.999974158337059382e-01 1.087952558917641005e-03
9.999943943750008168e-01 2.137625068590690187e-03 -2.577164651611104328e-03 8.935692578420523446e+00 -2.137405716257876134e-03 9.999977118856508973e-01 8.786504851244429214e-05 -2.113591587515087009e-02 2.577346577294038418e-03 -8.235610951584046999e-05 9.999966752455188290e-01 5.323515288024000501e-03
9.999918373747446187e-01 3.478502562709658019e-03 -2.055530054128524436e-03 9.129011355199395439e+00 -3.478423579489260849e-03 9.999939493844582916e-01 4.199851357774651292e-05 -2.111635908038436010e-02 2.055663708843542999e-03 -3.484816655098939921e-05 9.999978865139272921e-01 5.056080477416393867e-03
9.999983609244673666e-01 1.809983472813662389e-03 4.591521257089091951e-05 9.296771047926275955e+00 -1.809962321280490305e-03 9.999982577757458024e-01 -4.565981479300901692e-04 -6.767024814126088549e-03 -4.674156767776472529e-05 4.565142947265107614e-04 9.999998947049567599e-01 -1.675939322698820344e-03
9.999921343647578675e-01 3.694164261758124505e-03 -1.443730938637153302e-03 9.494843969843337561e+00 -3.694121549625309538e-03 9.999931761896715399e-01 3.225010143782762467e-05 -2.299169742330568061e-02 1.443840224063232648e-03 -2.691653019801290559e-05 9.999989572999102849e-01 9.136263540126185467e-04
9.999895688447975051e-01 4.422883379495890291e-03 1.140308821012944295e-03 9.857395311532096471e+00 -4.423418245948359043e-03 9.999901076110199183e-01 4.669594439780107406e-04 -2.285808175742364695e-02 -1.138232233470860572e-03 -4.719986358964619005e-04 9.999992408220470530e-01 -8.253786173574695351e-03
9.999923158366459397e-01 3.886934398319987979e-03 -5.099104282900291220e-04 1.019229054068800622e+01 -3.886962325701973954e-03 9.999924442867330621e-01 -5.378962422309803925e-05 -2.319413930655280648e-02 5.096974988123757723e-04 5.577121351908466114e-05 9.999998685490071315e-01 2.251670378588047083e-03
9.999985230905800160e-01 1.498415547113078920e-03 8.417645198380226167e-04 1.053611285289662902e+01 -1.498418513134156969e-03 9.999988773661651065e-01 2.892928598608113806e-06 -1.777909578532850879e-02 -8.417592400355027342e-04 -4.154239866239392215e-06 9.999996457119992854e-01 -8.263121962167028350e-03
9.999986790595523090e-01 1.270627745707777079e-03 -1.013599665687626994e-03 1.070860147709700527e+01 -1.270645672624707602e-03 9.999991925842358631e-01 -1.704262059652302067e-05 -1.686623411267203568e-02 1.013577192464689032e-03 1.833052411321597116e-05 9.999994861625013387e-01 1.004741888335023564e-03
9.999964509148575598e-01 1.942590246005524877e-03 1.823321371830280034e-03 1.088008609112317693e+01 -1.943260473018800600e-03 9.999980449311030029e-01 3.658861923517102432e-04 -1.534838637329684688e-02 -1.822607040162966012e-03 -3.694280821419493712e-04 9.999982708117396424e-01 -7.066152253708241071e-03
9.999982410606671479e-01 1.820702113821768848e-03 -4.504657417786947743e-04 1.120923166012609151e+01 -1.820608343155566931e-03 9.999983209579361709e-01 2.084863768341961403e-04 -1.839260691412241550e-02 4.508445770147710284e-04 -2.076658884315195396e-04 9.999998768070155197e-01 1.323297803957346197e-03
9.999980568307613726e-01 1.635641399914634139e-03 1.100459863963350977e-03 1.152477271398923442e+01 -1.636035481717327145e-03 9.999985978607399684e-01 3.573016324992096641e-04 -1.794513924317180098e-02 -1.099873903622999036e-03 -3.591013295853183636e-04 9.999993306615916344e-01 -1.178712116649544006e-02
9.999981853190496039e-01 1.776281924632286749e-03 6.886081120618726438e-04 1.169350707626144903e+01 -1.776576720850161877e-03 9.999983304099477888e-01 4.277294377093848071e-04 -1.774412096671857189e-02 -6.878471942997825377e-04 -4.289520266585999920e-04 9.999996714331440550e-01 -6.842888616781747299e-03
9.999981202781529355e-01 1.847799542706456176e-03 5.874325584542991171e-04 1.201416582779631348e+01 -1.847832763855599856e-03 9.999982911867146829e-01 5.601542076877621067e-05 -2.402669961280392077e-02 -5.873280493728579325e-04 -5.710079260343339889e-05 9.999998258926158234e-01 -1.210321131199288899e-02
9.999982157396998250e-01 1.855714976818410075e-03 3.533261123159662587e-04 1.218085503848909923e+01 -1.855738259243810886e-03 9.999982759659959974e-01 6.557856951757126056e-05 -2.366382474542785830e-02 -3.532038080361220213e-04 -6.623413329294772743e-05 9.999999354300527221e-01 -1.009254497275939404e-02
9.999978378216203279e-01 2.056119504748855475e-03 -3.110058945829283455e-04 1.250841435980843208e+01 -2.055869629093906841e-03 9.999975653832525735e-01 8.016405900125287993e-04 -2.869244922099202511e-02 3.126534062556919863e-04 -8.009994691494345172e-04 9.999996303237806972e-01 -7.338099005664554600e-03
9.999976481683973129e-01 1.983105416523760559e-03 -8.780379156109809373e-04 1.284803325095282744e+01 -1.982623220233324830e-03 9.999978835125273857e-01 5.497050412392298548e-04 -2.721012277684620520e-02 8.791261802995039903e-04 -5.479629300658061999e-04 9.999994634367492807e-01 1.853954948680798520e-03
9.999981182803764357e-01 1.928081622301452231e-03 2.143291022533727619e-04 1.302211926279873566e+01 -1.928110038515165039e-03 9.999981324219737733e-01 1.324546866899100424e-04 -2.299657554570943424e-02 -2.140733185298564982e-04 -1.328676875409275386e-04 9.999999682593954109e-01 -4.382393411346118678e-03
9.999953222460755686e-01 1.993226256543427412e-03 -2.320029107086222630e-03 1.336680970884828668e+01 -1.990661163218609541e-03 9.999974054473855789e-01 1.107414389605854664e-03 -2.624967530072448707e-02 2.322230415086873941e-03 -1.102790817552834219e-03 9.999966955436963012e-01 5.101169181745059122e-03
9.999981347540887189e-01 1.910929710147284306e-03 2.807774676678902116e-04 1.354171110258679533e+01 -1.911043967327253311e-03 9.999980910362434861e-01 4.072282207330804528e-04 -2.843541976319239467e-02 -2.799987471680715520e-04 -4.077640392380549382e-04 9.999998776645874221e-01 -4.072104030347918624e-03
9.999967587679369219e-01 1.754114852567284326e-03 -1.845409088662581512e-03 1.389552941544279641e+01 -1.752607045198947659e-03 9.999981293270345795e-01 8.183587089337619963e-04 -3.045268965064301669e-02 1.846841131671757589e-03 -8.151217794732113766e-04 9.999979623750835378e-01 4.511398502261933230e-03
9.999981627543905738e-01 1.911405317730046401e-03 -1.449743241150751360e-04 1.406535839347360728e+01 -1.911377871081881667e-03 9.999981554128283268e-01 1.892236104880488132e-04 -2.527931232102591241e-02 1.453357397126235824e-04 -1.889461621228126281e-04 9.999999715884348994e-01 -5.590770488244807546e-03
9.999968773789739140e-01 3.126888832292136554e-04 -2.479406776562768054e-03 1.443528685762966646e+01 -3.113548311332822748e-04 9.999998065806566805e-01 5.384206704661169364e-04 -2.032037101692255737e-02 2.479574655155692732e-03 -5.376470139041830730e-04 9.999967813174289732e-01 5.487870560894989036e-03
9.999900035654005759e-01 -4.456927164908496865e-03 -3.585659170095660802e-04 1.460638892373217068e+01 4.456795907913857317e-03 9.999900014457913100e-01 -3.660309844497380274e-04 -1.601367645430329389e-02 3.601937053065996626e-04 3.644292703332950188e-04 9.999998687258921937e-01 -3.169870253757901823e-03
9.998801520447592184e-01 -1.528034702641856146e-02 -2.488481806523784243e-03 1.480573055629107415e+01 1.527790680402265483e-02 9.998827892243807858e-01 -9.966827780410450390e-04 -1.023781161896675229e-02 2.503419788364849748e-03 9.585445345244969061e-04 9.999964070344146139e-01 5.455224513212085513e-03
9.997879547794449318e-01 -2.058692356473152546e-02 -4.733456184051354379e-04 1.516386054586829246e+01 2.058656883773473528e-02 9.997877984637196791e-01 -7.424463332449893422e-04 1.056510956257636358e-02 4.885298596511481427e-04 7.325443388911686117e-04 9.999996123586087915e-01 1.911195819594320444e-03
9.997799629014701983e-01 -2.091324701646757669e-02 -1.631526880916071322e-03 1.553893962157112796e+01 2.091267830343026754e-02 9.997812394522876955e-01 -3.648635697550277638e-04 2.290830762425871692e-02 1.638800449163591889e-03 3.306636894297828233e-04 9.999986024963296583e-01 7.732164268629423964e-03
9.997177112275922317e-01 -2.374129961404860406e-02 9.211680088209874386e-04 1.572259722668037618e+01 2.374211097879049687e-02 9.997177289617178442e-01 -8.800942540173263724e-04 3.153962438082010683e-02 -9.000134083974772577e-04 9.017162863862960773e-04 9.999991884414725085e-01 -5.050624423597972756e-03
9.995819360913162921e-01 -2.890910539299001991e-02 -4.654732136332260118e-04 1.609655146877310372e+01 2.890845103358895274e-02 9.995811436541783834e-01 -1.355990355185043763e-03 3.436335590312788318e-02 5.044787153138081221e-04 1.341967354953254189e-03 9.999989723118939411e-01 -5.561257509283872025e-03
9.994236174100324943e-01 -3.389224467382122991e-02 1.936159604669036643e-03 1.626463667271953284e+01 3.389576486204955857e-02 9.994237250455945132e-01 -1.815197070446502962e-03 5.225744020124335060e-02 -1.873522741138357794e-03 1.879778433152998196e-03 9.999964781665886537e-01 -1.155822152339752024e-02
9.983603999651282646e-01 -5.723871087346600606e-02 4.916899560184210182e-04 1.661754727391452136e+01 5.724008541956157603e-02 9.983543056887662637e-01 -3.500419098147634824e-03 6.981213597326885179e-02 -2.905213079600797656e-04 3.522824185954680828e-03 9.999937526340474392e-01 -1.977698300915896323e-03
9.972096553318938739e-01 -7.459515501435387552e-02 2.909666858912630244e-03 1.678263810256743582e+01 7.460743424949506375e-02 9.972034134770959568e-01 -4.368398371850580608e-03 1.020346458718934812e-01 -2.575668370076209836e-03 4.573291813609782139e-03 9.999862253723472705e-01 -6.735327864502066442e-03
9.959087253207621337e-01 -9.033824180335148224e-02 2.193831774294412694e-03 1.693809365634450259e+01 9.034679255217065164e-02 9.959016174646063702e-01 -4.174375032972143379e-03 1.247459078261108356e-01 -1.807734911358542312e-03 4.355502182304639078e-03 9.999888807857966189e-01 -3.797400600020220396e-03
9.930314726114166657e-01 -1.178397633146622131e-01 1.511484417898924237e-03 1.726961125761715010e+01 1.178455382173133198e-01 9.930213668420506679e-01 -4.581933807589034548e-03 1.899629789294015325e-01 -9.610023272127103493e-04 4.728126171092555084e-03 9.999883605809806175e-01 2.632798709962165876e-03
9.916256045785023510e-01 -1.291312881906243049e-01 1.941843080584648501e-03 1.742502719351467633e+01 1.291392428782688895e-01 9.916150148620631599e-01 -4.766366429232015561e-03 2.296988809750127036e-01 -1.310073718218464226e-03 4.977219137244982480e-03 9.999867554105467127e-01 -4.402420813107769254e-03
9.874434893289052440e-01 -1.579574071044278216e-01 2.193837460299988794e-03 1.773037713869200616e+01 1.579665856596957629e-01 9.874320131105652765e-01 -4.957549741002092482e-03 2.968030429958341543e-01 -1.383183637181469115e-03 5.241853227872644676e-03 9.999853047809068585e-01 -5.370634717037901275e-03
9.853583782133482627e-01 -1.704816770462001807e-01 2.205510434166307876e-03 1.787829942522392201e+01 1.704902164118297925e-01 9.853488597497602752e-01 -4.550900756416713204e-03 3.461794443534623178e-01 -1.397351998447228126e-03 4.860286139972234444e-03 9.999872124312541022e-01 -8.884290633859317013e-03
9.836148474900151539e-01 -1.802711218755704281e-01 2.038238189604786674e-03 1.804621781739742303e+01 1.802780345267877560e-01 9.836076819675743099e-01 -3.969665166411261333e-03 3.765638140528240752e-01 -1.289210747955618283e-03 4.272071171965427690e-03 9.999900436222097788e-01 -1.001211086465322864e-02
9.810036495443840154e-01 -1.939784269793876081e-01 2.051693739767859216e-03 1.834410697492898024e+01 1.939850892634768509e-01 9.809970990037758520e-01 -3.804850800873252076e-03 4.557415551218156335e-01 -1.274646633511821283e-03 4.130570514878717861e-03 9.999906567879428554e-01 -1.028674278375274476e-02
9.805314057895597735e-01 -1.963496475422670529e-01 2.231181385973816326e-03 1.849131625190992168e+01 1.963570351825341398e-01 9.805250931914499812e-01 -3.802151525562032838e-03 4.866928566082854291e-01 -1.441178224462606695e-03 4.166237142288535707e-03 9.999902826894867536e-01 -1.300487095502670699e-02
9.801825366587638699e-01 -1.980872155449563132e-01 1.910462466807380435e-03 1.877816317386443856e+01 1.980919565664955584e-01 9.801796271063976107e-01 -2.734108487408134537e-03 5.580025495018100523e-01 -1.331004451047517259e-03 3.058372640684688636e-03 9.999944373764996230e-01 -1.238258901541559528e-02
9.801056963948372447e-01 -1.984666734740060945e-01 1.950234486780086634e-03 1.893109124948738398e+01 1.984710239393547293e-01 9.801038897737814892e-01 -2.370212388645596621e-03 5.902001657266050527e-01 -1.441024238262767539e-03 2.710123699290249016e-03 9.999952893282444411e-01 -1.189206190750843363e-02
9.801749500173726481e-01 -1.981253562234461529e-01 1.846775507096353342e-03 1.906786132115252030e+01 1.981288670048773903e-01 9.801740126839938450e-01 -1.963903847286990051e-03 6.229413108042094471e-01 -1.421062209984818876e-03 2.290868894186809390e-03 9.999963662443503987e-01 -8.733827701088230436e-03
9.800848658030965055e-01 -1.985701718082446554e-01 1.882203966227914129e-03 1.921362619182443154e+01 1.985734254509687879e-01 9.800844780265637324e-01 -1.735118458980157603e-03 6.452654585658336162e-01 -1.500176121272666372e-03 2.074319030993319705e-03 9.999967233307130998e-01 -5.442323433493609711e-03
9.798022166653324039e-01 -1.999633357103316189e-01 1.510162010568708458e-03 1.949840312891644345e+01 1.999655123907581877e-01 9.798018466116290570e-01 -1.461242876186236161e-03 6.936708477384976312e-01 -1.187464526832792289e-03 1.733709329410129327e-03 9.999977920875419146e-01 -8.800664593881606795e-03
9.790361345747153887e-01 -2.036824995868921351e-01 1.298675877725507513e-03 1.964195120347623202e+01 2.036843573008887132e-01 9.790354477310343473e-01 -1.508203241286215678e-03 7.323719330723548193e-01 -9.642551133362573879e-04 1.741105432998600903e-03 9.999980193800123152e-01 -7.137987829985481536e-03
9.769364420102133462e-01 -2.135282154794391485e-01 9.431153647465704160e-04 1.991807653796287880e+01 2.135294662441764857e-01 9.769354361792054187e-01 -1.523345930109271888e-03 8.015376334695670790e-01 -5.960854822119020235e-04 1.689595073352708355e-03 9.999983949740050004e-01 -4.170297270820008673e-03
9.765364845509980629e-01 -2.153490843681533651e-01 1.125256671335135962e-03 2.006183462319398814e+01 2.153504565663100223e-01 9.765359822060581951e-01 -1.286978450072039787e-03 8.441200045142726038e-01 -8.217039979516176269e-04 1.499105949252549537e-03 9.999985387408787396e-01 -6.140240049275266961e-03
9.763792402461561881e-01 -2.160622349243559448e-01 8.305756024013921787e-04 2.018594379303738151e+01 2.160631911587229115e-01 9.763784909776029863e-01 -1.319008191068106418e-03 8.748329133965350168e-01 -5.259682956697777538e-04 1.467309030626957759e-03 9.999987851800423710e-01 -6.019305555012433549e-03
9.762406742183321606e-01 -2.166878623321357999e-01 7.185538710347505421e-04 2.047336188397265744e+01 2.166886039007695774e-01 9.762400369117975041e-01 -1.199695789619486955e-03 9.354740339440366093e-01 -4.415215414805695330e-04 1.326894261657036002e-03 9.999990222046953869e-01 -7.855110185318231464e-03
9.762265694894924906e-01 -2.167504647822815766e-01 9.597079982833583945e-04 2.062108759516229739e+01 2.167516139038860590e-01 9.762258906780532097e-01 -1.322210233849320212e-03 9.610421840806270266e-01 -6.503021126882936554e-04 1.498795018239007558e-03 9.999986653594371555e-01 -7.610945728435727572e-03
9.750843483692011038e-01 -2.218325244583911060e-01 9.190526795534289996e-04 2.088797722647836963e+01 2.218335723132256743e-01 9.750837267004484055e-01 -1.261791867990669311e-03 1.008045858537334194e+00 -6.162468363955513236e-04 1.434230240426618164e-03 9.999987816109847660e-01 -4.004658179713471017e-03
9.735586334244402673e-01 -2.284364862341938529e-01 5.992008939448545922e-04 2.103587303801009156e+01 2.284371196346884070e-01 9.735576649856834131e-01 -1.398327798104884038e-03 1.052091381072014276e+00 -2.639275343636098481e-04 1.498233826497690673e-03 9.999988428181593170e-01 -2.843213633438277342e-03
9.726498214433417777e-01 -2.322758602529200189e-01 4.995898330376587551e-04 2.116901254263870769e+01 2.322763373061929038e-01 9.726488682314370360e-01 -1.371953251547874736e-03 1.083205429174746159e+00 -1.672538639539380327e-04 1.450472981720052216e-03 9.999989340765690349e-01 -1.969691909481745967e-03
9.723196666099065411e-01 -2.336543296188139385e-01 3.466611930262087932e-04 2.130280899845285703e+01 2.336545831421193431e-01 9.723188431563181133e-01 -1.266104198631034898e-03 1.127975919707299823e+00 -4.123448241173229760e-05 1.312056988854419168e-03 9.999991384027165919e-01 -4.736132176975824289e-03
9.715200376564397944e-01 -2.369573400679223230e-01 -1.882019257541937449e-04 2.159063086506538198e+01 2.369569503477269301e-01 9.715193995157808127e-01 -1.208323798269383834e-03 1.205381514282614974e+00 4.691630150751098689e-04 1.129315027619561028e-03 9.999992522665372974e-01 -8.392484903648212216e-03
9.705837244495154614e-01 -2.407637343618554970e-01 -2.409353460289179855e-04 2.174029674713068871e+01 2.407632124712449917e-01 9.705829603797420102e-01 -1.338858103847381494e-03 1.234360818153364958e+00 5.561962182717931219e-04 1.241465517033814173e-03 9.999990747041402894e-01 -5.075439648017390781e-03
9.668793324736356665e-01 -2.552337634730513782e-01 -2.870866055497453117e-04 2.203240479378499828e+01 2.552329249659440746e-01 9.668780813300537069e-01 -1.711682459719621923e-03 1.330325768287243582e+00 7.144569024145443811e-04 1.581716440007533168e-03 9.999984938610847474e-01 -3.559619455135820069e-03
9.629788139040983408e-01 -2.695768968670810839e-01 -3.172496981758478893e-04 2.232379612956226822e+01 2.695759215275997933e-01 9.629774515221466435e-01 -1.802884482459608546e-03 1.426865432707700831e+00 7.915203100368229132e-04 1.650616680784951131e-03 9.999983244786823100e-01 -1.252202429118870865e-03
9.603025602258844495e-01 -2.789605545574585510e-01 -4.271541568983745112e-05 2.246455758877063857e+01 2.789598576636670990e-01 9.603004817727333053e-01 -2.093446756660705989e-03 1.468272086475315596e+00 6.250087024406568870e-04 1.998426393836968441e-03 9.999978078256323011e-01 -3.770900824794248297e-03
9.570246882502810859e-01 -2.900063365505032298e-01 2.661578639738570225e-04 2.261139854844047292e+01 2.900061936565705434e-01 9.570221698384746567e-01 -2.230264218743776162e-03 1.528069906830501479e+00 3.920717791177182792e-04 2.211605347701841012e-03 9.999974775375716218e-01 -6.535730441287799716e-03
9.481239357122457356e-01 -3.178986067731862653e-01 1.215870547594867859e-03 2.290792078515963581e+01 3.179008571700276953e-01 9.481194012227653900e-01 -2.940414179409058925e-03 1.658106947849636192e+00 -2.180368845797804210e-04 3.174403353693609677e-03 9.999949377988195387e-01 -4.790207082946237871e-03
9.430623143975904732e-01 -3.326123363286174195e-01 1.582682873803551403e-03 2.305195606537461828e+01 3.326155694228748461e-01 9.430586421399576036e-01 -2.698233243471571431e-03 1.710818865000458544e+00 -5.950970988367206525e-04 3.071027052658817022e-03 9.999951073141731817e-01 -6.736574138381997215e-03
9.322132564185645620e-01 -3.619039115292537745e-01 2.000844152259701261e-03 2.329762570069221539e+01 3.619088297573919699e-01 9.322076047175008595e-01 -3.313706458751675132e-03 1.851797554271837676e+00 -6.659588055090515189e-04 3.813204254399358076e-03 9.999925079580264109e-01 -8.089293018516850384e-03
9.257838533174851392e-01 -3.780463264250755184e-01 2.287359423977083570e-03 2.346206628756256407e+01 3.780524400959689446e-01 9.257774283758631872e-01 -3.536332458534908497e-03 1.912165183289860515e+00 -7.806882303339229183e-04 4.138621301685189297e-03 9.999911311304756634e-01 -4.890112246326495937e-03
9.196159774356578165e-01 -3.928107122537652929e-01 2.489655347493809675e-03 2.357794319429508789e+01 3.928176102597037422e-01 9.196094269947346911e-01 -3.581459516893862726e-03 1.995968258550103291e+00 -8.826748637840554175e-04 4.271547858247399035e-03 9.999904873367443381e-01 -6.052741038685213390e-03
9.068886955581223486e-01 -4.213639633314123500e-01 2.303101068442595881e-03 2.385854905655295966e+01 4.213698454127828841e-01 9.068819060072701443e-01 -3.558361059297059786e-03 2.153168803804677456e+00 -5.892755677670296786e-04 4.197494760570400461e-03 9.999910168556717105e-01 -6.752354975905591056e-03
9.025010042301515600e-01 -4.306821316463073646e-01 2.199737293563888696e-03 2.398993292891902129e+01 4.306873293653128987e-01 9.024954847328908736e-01 -3.213154356523221719e-03 2.228922919838678851e+00 -6.014048074639197737e-04 3.847274013779006067e-03 9.999924183687196599e-01 -6.271090028273798231e-03
8.989770201114140047e-01 -4.379938250597363858e-01 1.313971515462913388e-03 2.427684983988043044e+01 4.379957710634090340e-01 8.989719113622794966e-01 -3.034322365809971177e-03 2.389618381267378133e+00 1.477909747341318077e-04 3.303300045543798667e-03 9.999945331683752769e-01 -5.945036888268142097e-03
8.982737179714673781e-01 -4.394359504663107319e-01 6.107695856975131057e-04 2.441819543674751358e+01 4.394359769950997863e-01 8.982701664536467678e-01 -2.594259374038950655e-03 2.453453681683639864e+00 5.913747363776124038e-04 2.598749142910178507e-03 9.999964483830997564e-01 -3.764294224408301463e-03
8.978778653705180579e-01 -4.402443593299149582e-01 4.929055432890701695e-04 2.457419400307452761e+01 4.402440972179950118e-01 8.978744548278551063e-01 -2.568702453483421352e-03 2.529610135074648714e+00 6.882894699806876371e-04 2.523379831624748739e-03 9.999965794000651442e-01 -3.457301611556726564e-03
8.943609573577310234e-01 -4.473459402031950138e-01 2.962058106350580629e-04 2.486759242745311127e+01 4.473453855411064217e-01 8.943583252096286573e-01 -2.300470236046156351e-03 2.683863969495849489e+00 7.641918879366027192e-04 2.189957065241262234e-03 9.999973100457875130e-01 5.699736462778713306e-03
8.904332798583682873e-01 -4.551098410989028453e-01 -1.899119690827758174e-03 2.503064689567656487e+01 4.551026323393772000e-01 8.904329082430461062e-01 -3.290889788609870081e-03 2.765718425315137452e+00 3.188754998173635134e-03 2.066023417701042322e-03 9.999927816683473747e-01 1.300285993751140734e-02
8.793614385755219587e-01 -4.761532499092611670e-01 1.242154272697157478e-03 2.531433223636460994e+01 4.761540795963682959e-01 8.793522327605099997e-01 -4.116214625271253161e-03 2.951470163968129778e+00 8.676578380176857121e-04 4.211097238796942741e-03 9.999907568722430362e-01 1.198231706282748554e-03
8.709403465259477617e-01 -4.913885204743729251e-01 4.844989875143318990e-04 2.546103120222958793e+01 4.913751405334187417e-01 8.709084444811413528e-01 -8.303770059534093181e-03 3.038339004766323903e+00 3.658423024345058578e-03 7.470159131200566557e-03 9.999654057333831059e-01 7.370628736926523872e-03
8.549889800126337924e-01 -5.186443790834903700e-01 1.360919562917347649e-03 2.574866289806475095e+01 5.186377554380768862e-01 8.549572318810811922e-01 -7.937902014549844121e-03 3.248640644739672290e+00 2.953420239237164804e-03 7.492643014303424984e-03 9.999675682788670139e-01 4.672028037034703374e-03
8.380612490829408845e-01 -5.455630502752859545e-01 3.781660993096383830e-03 2.603234362745495645e+01 5.455740030071196678e-01 8.380183315883839024e-01 -8.618768160755241325e-03 3.467170457323024646e+00 1.532980211329642998e-03 9.286231536378291435e-03 9.999557069568253409e-01 -1.795169824120132485e-03
8.287290612264661682e-01 -5.596400190398860275e-01 3.345469733260748348e-03 2.617370830799690395e+01 5.596460007087160626e-01 8.286856541184848268e-01 -8.743028591894019819e-03 3.577086851432834003e+00 2.120605913393060205e-03 9.117880633947916813e-03 9.999561826816738552e-01 1.972877633245120887e-04
8.218675910515047534e-01 -5.696634230233966756e-01 4.152980672161379200e-03 2.642859814341331059e+01 5.696785509426717242e-01 8.218443725747708317e-01 -6.178661913328002860e-03 3.788212838806431559e+00 1.066539004231001862e-04 7.443905994038384384e-03 9.999722880602729402e-01 -6.620152983466326413e-03
8.147691048013604442e-01 -5.797831842937732905e-01 1.662850372742684379e-03 2.657363191191877405e+01 5.797784166892694380e-01 8.147414571867259703e-01 -7.303799184954073466e-03 3.873129606577990103e+00 2.879826813123073474e-03 6.914994679873851489e-03 9.999719443294915466e-01 1.151782768967478388e-02
7.983850917145397519e-01 -6.021315374197089287e-01 4.342461576535434561e-03 2.682582872923714135e+01 6.021471239783333651e-01 7.983607146514130060e-01 -6.245829481077433583e-03 4.117298350124030115e+00 2.939601803133655954e-04 7.601377892380614155e-03 9.999710659021837644e-01 -5.177119287519710289e-03
7.766857389080549234e-01 -6.298592966561766815e-01 6.043955049071137939e-03 2.708314743582311834e+01 6.298881605012582874e-01 7.766560671273110561e-01 -6.801371529246190775e-03 4.333700534477557653e+00 -4.101672705974939749e-04 9.089543999792495596e-03 9.999586051195749059e-01 -4.059956569452176367e-03
7.655509909673658964e-01 -6.433500542809775791e-01 5.691035542618256421e-03 2.719023503850953460e+01 6.433751807516328025e-01 7.655177044799088559e-01 -7.142893014369993895e-03 4.459002528427961742e+00 2.387921438194487954e-04 9.129719846420811594e-03 9.999582947272540601e-01 -3.034791773920832159e-03
7.431133755244397898e-01 -6.691337482308593598e-01 6.522123518756141672e-03 2.742569440097315692e+01 6.691654530353804420e-01 7.430732111989553079e-01 -7.732998281847006279e-03 4.709710092533644143e+00 3.279948584767261935e-04 1.011087419532918398e-02 9.999488300120056294e-01 -8.221796094883132566e-04
7.276593563708287915e-01 -6.859046698175147450e-01 6.829715112465193499e-03 2.755233394349141207e+01 6.859384520982686473e-01 7.276150898774157438e-01 -8.044931056980224315e-03 4.839060045648948538e+00 5.486520049491827242e-04 1.053873356748644824e-02 9.999443154875030659e-01 2.517488951335813963e-03
7.057568898139219282e-01 -7.084199097949458457e-01 6.960164243786927732e-03 2.776453405109954886e+01 7.084537364842474760e-01 7.057125077975971994e-01 -7.947301399517214815e-03 5.112576695228471912e+00 7.181515773931929254e-04 1.053981708319200530e-02 9.999441967000782805e-01 7.332148521414765668e-04
6.779841147055999384e-01 -7.350383912538085429e-01 7.490232965471721113e-03 2.798537471509930796e+01 7.350765258759937026e-01 6.779460725536309296e-01 -7.184971481266413072e-03 5.402864801552494711e+00 2.032558573412672660e-04 1.037719095517218582e-02 9.999461348467407751e-01 -2.722546473996384844e-03
6.646050646699752651e-01 -7.471627118502000009e-01 6.927484079597733165e-03 2.810761686361549394e+01 7.471946084415472811e-01 6.645692315064170019e-01 -6.924857460849652251e-03 5.544319766262114868e+00 5.702025085733124915e-04 9.778474094938423983e-03 9.999520270060328064e-01 -5.910882228227772733e-03
6.533456652074123294e-01 -7.570159057139042025e-01 8.146180138025481063e-03 2.818820446015873316e+01 7.570592450781034044e-01 6.533196548503092949e-01 -5.893049129690669692e-03 5.697251380948387123e+00 -8.609276717939338963e-04 1.001733908930152461e-02 9.999494545831373316e-01 -5.884393053822149777e-03
6.287540778959873622e-01 -7.775664350762053756e-01 7.664761708502275048e-03 2.839469539999124592e+01 7.776041692512599690e-01 6.287267427186926660e-01 -5.868471129749862868e-03 5.965318530975014966e+00 -2.559144869943665891e-04 9.649975814693876469e-03 9.999534051517356970e-01 -6.983710468812381889e-03
5.966902139107838066e-01 -8.024285143592132519e-01 8.322737913026871312e-03 2.856534120151362544e+01 8.024716133068122703e-01 5.966621312178018721e-01 -5.797500098538525132e-03 6.245820425320443903e+00 -3.137831496861521324e-04 1.013807249414118775e-02 9.999485591900407755e-01 -6.674579412070814899e-03
5.837000832915446580e-01 -8.119326965599104051e-01 7.714209123198368691e-03 2.864442225340127024e+01 8.119693301134992547e-01 5.836753742102955833e-01 -5.372568799640301332e-03 6.404960824400626862e+00 -1.404296237736942302e-04 9.399670069958421595e-03 9.999558122647703717e-01 -6.765206409955041439e-03
5.537175531152185304e-01 -8.326730237731370110e-01 7.246161231709847585e-03 2.881906193157290730e+01 8.327042471577748017e-01 5.536889356343999147e-01 -5.674444593875505038e-03 6.706241406268510730e+00 7.128376383947693587e-04 9.175948809043427482e-03 9.999576460160475300e-01 -4.881424783031192496e-03
5.386541095255500400e-01 -8.424852756248946140e-01 8.385144392451545844e-03 2.888860362840338070e+01 8.425188532526382001e-01 5.386659958156980732e-01 -9.627386676833490226e-04 6.867867479894857574e+00 -3.705699002420378366e-03 7.583225377632852801e-03 9.999643806095172005e-01 -1.146976713498182310e-02
5.085652664265905010e-01 -8.609784957425616891e-01 8.797707276722264991e-03 2.903570329786371573e+01 8.610182113903068757e-01 5.085712476196322385e-01 -1.710482051244927720e-03 7.177840218175218112e+00 -3.001572702439450450e-03 8.444877943848167964e-03 9.999598364923590887e-01 -1.563422153820393651e-02
4.946006971764221882e-01 -8.690682244858811689e-01 9.516908193076640751e-03 2.910776871744767291e+01 8.691078799859486281e-01 4.946225722054289342e-01 -6.333415733079158366e-05 7.321319876048741904e+00 -4.652235906241709504e-03 8.302545022076633641e-03 9.999547111980767733e-01 -1.591040485310838554e-02
4.696122458963141177e-01 -8.828356945245556808e-01 8.091660989260333892e-03 2.925092821190806802e+01 8.828682063767627763e-01 4.696195790698440842e-01 -1.086794985404520870e-03 7.630507945712881934e+00 -2.840541022006911297e-03 7.654242458121761350e-03 9.999666713941492979e-01 -4.398555659132108442e-03
4.614486953793396351e-01 -8.871187650727393459e-01 9.241114030445158473e-03 2.930133256449666845e+01 8.871518627994602335e-01 4.614764813188420023e-01 1.014653156692933277e-03 7.785531223034977799e+00 -5.164674641578605521e-03 7.730061151033165018e-03 9.999567852114650268e-01 -1.452691387280763413e-02
4.445168053072924286e-01 -8.957433193771492386e-01 6.979655478981100850e-03 2.944706905043434375e+01 8.957631686403008109e-01 4.445312171291138092e-01 5.854102806445672311e-04 8.082597781061149789e+00 -3.627052093195429639e-03 5.991893600123578308e-03 9.999754705512521324e-01 -1.764659588580616556e-02
4.209595268810187862e-01 -9.070513849692843911e-01 7.131742663059397261e-03 2.955954106056775998e+01 9.070728040553516225e-01 4.209734767386676957e-01 5.099271714239183260e-04 8.382622459991022623e+00 -3.464804651147134623e-03 6.254351114356078434e-03 9.999744387837460335e-01 -1.570760123737793834e-02
4.063591765995316907e-01 -9.136883592669328147e-01 6.767697795495863228e-03 2.961295151656292646e+01 9.137089142482056614e-01 4.063692934895281050e-01 1.316517645374619752e-04 8.540757211774870683e+00 -2.870473256441120197e-03 6.130207902047181238e-03 9.999770902047515619e-01 -2.000367738609574314e-02
3.757760528015356982e-01 -9.266912387997415790e-01 5.975455856903238647e-03 2.970603436722484503e+01 9.267076307493281595e-01 3.757831324173469545e-01 6.709376532237389112e-05 8.863875267152554471e+00 -2.307650724031010125e-03 5.512288309497562731e-03 9.999821445534559095e-01 -1.584262052745842239e-02
3.599766696632026308e-01 -9.329400281241403414e-01 6.300890565450403477e-03 2.974454654981794377e+01 9.329586562656321247e-01 3.599835320948928663e-01 -4.816130656613154537e-05 9.014688734477832810e+00 -2.223285230391921444e-03 5.895807341963711125e-03 9.999801480322351166e-01 -1.495701542541036724e-02
3.268863787170549484e-01 -9.450359081366890290e-01 7.240700346874054741e-03 2.984405954254198789e+01 9.450636139723356255e-01 3.268747717547821896e-01 -2.765707107962458045e-03 9.340377824885267799e+00 2.468902551841694118e-04 7.746994418621406739e-03 9.999699611101724450e-01 -5.246996817841533510e-03
2.940073263295243100e-01 -9.557650969025029974e-01 8.530627615472373415e-03 2.992865930992430989e+01 9.558029360864354063e-01 2.939893554912537121e-01 -3.317563320697010116e-03 9.670220103653045740e+00 6.628975140775530614e-04 9.128986843375548610e-03 9.999581102056722681e-01 -1.364987693900712208e-02
2.725271559648470010e-01 -9.621049859202339682e-01 9.107432631551178048e-03 2.995958218831315989e+01 9.621480005074312114e-01 2.725190291043361190e-01 -2.145669028999738163e-03 9.856374484284486925e+00 -4.175898274482005637e-04 9.347451174318252218e-03 9.999562244294896152e-01 -8.754733531658950157e-03
2.415094846094021364e-01 -9.703564816959511230e-01 9.025922354888823648e-03 3.001171776657760759e+01 9.703984379359398282e-01 2.414971034705860609e-01 -2.453704710272879268e-03 1.018333617801391355e+01 2.012341649251115500e-04 9.351333914076857476e-03 9.999562550726097676e-01 -7.831485894013640037e-03
2.275588566703857785e-01 -9.737220287181899137e-01 9.076207346647578028e-03 3.003085620844319692e+01 9.737633767774530602e-01 2.275617784002954558e-01 -7.232276727179723710e-04 1.036556763011459026e+01 -1.361175168228869695e-03 9.002655176519960140e-03 9.999585488418677448e-01 -8.818095771971973945e-03
2.170481585464916208e-01 -9.761411182100557804e-01 6.214033408277618194e-03 3.008343994486332207e+01 9.761607225590237524e-01 2.170475278505133998e-01 -7.838284412721840261e-04 1.068698701594060907e+01 -5.836134180988829592e-04 6.236023861624686790e-03 9.999803855085236393e-01 -1.506450789704164017e-02
2.160498871942443389e-01 -9.763724494253767094e-01 4.391610916820409306e-03 3.013379356874853698e+01 9.763821484247090510e-01 2.160449509294306569e-01 -1.574615968897062320e-03 1.085003238800484127e+01 5.886262854307192875e-04 4.628086104464983544e-03 9.999891171098341802e-01 -4.837289669222880062e-03
2.170688885969566106e-01 -9.761530458929612575e-01 2.515670323518264060e-03 3.019525613066238279e+01 9.761555619683617291e-01 2.170648643668483535e-01 -1.778621835518836604e-03 1.118631876131663816e+01 1.190143484667243682e-03 2.841769043451454306e-03 9.999952539423322406e-01 -5.545335626646976691e-03
2.072809162200774935e-01 -9.782786478871293712e-01 2.347095885426301286e-03 3.026369662647353564e+01 9.782802674966121215e-01 2.072763146896242636e-01 -2.060969540075154906e-03 1.154093651434808976e+01 1.529705109646936189e-03 2.723317245203489730e-03 9.999951217608311627e-01 -9.614138765540292120e-03
2.036881176006041239e-01 -9.790303917985284654e-01 3.262312545127727531e-03 3.028646214116236735e+01 9.790356698462329144e-01 2.036888426936706020e-01 -1.119412832023920432e-04 1.170844219102071015e+01 -5.549027484700419337e-04 3.216721457124185370e-03 9.999946723788117886e-01 -9.328864645790219123e-03
1.966340712406577929e-01 -9.804736409356512583e-01 2.545870717784561379e-03 3.035102656391631015e+01 9.804765297308301042e-01 1.966309316112467842e-01 -1.432264180300939693e-03 1.205862373420414002e+01 9.037003446416064971e-04 2.777798423381480641e-03 9.999957335717019058e-01 -7.510645053914535851e-03
1.952993994140637124e-01 -9.807421313968947008e-01 1.736747414540509632e-03 3.041056883053256144e+01 9.807434272000676856e-01 1.953002889141559617e-01 3.565864729260940016e-04 1.242287481896462431e+01 -6.889066493155134464e-04 1.633662487515670763e-03 9.999984282760175924e-01 -1.307700777413008802e-02
1.834336362719479752e-01 -9.830284446122179443e-01 2.679210207195037614e-03 3.047270903326732139e+01 9.830269909453170918e-01 1.834407857016066012e-01 2.722721831671942247e-03 1.275487691713247962e+01 -3.167989432767820239e-03 2.134297181948314331e-03 9.999927042826327606e-01 -2.059680255035704205e-02
1.597031767119485579e-01 -9.871552651889344832e-01 4.402017477989289898e-03 3.051860287054371312e+01 9.871643354381526292e-01 1.597069455916578784e-01 5.161092263872219584e-04 1.309488947421363214e+01 -1.212512706091496695e-03 4.263090375262044290e-03 9.999901778884580095e-01 -1.154381128051625363e-02
1.430145535201399198e-01 -9.897069201511371483e-01 5.200931299862012608e-03 3.052273115389511204e+01 9.897146457675612963e-01 1.430299264836125683e-01 2.712947342502622459e-03 1.326394274340747259e+01 -3.428911580346065673e-03 4.759446926192690761e-03 9.999827949671589167e-01 -1.939548649237892580e-02
1.097623924062870460e-01 -9.939387413967315510e-01 6.164054179637099874e-03 3.052092517733200339e+01 9.939569593461832220e-01 1.097685074109441272e-01 6.616253194893298439e-04 1.359868055522550812e+01 -1.334234064228390949e-03 6.054182971693500802e-03 9.999807831593601204e-01 -1.855710400403209198e-02
7.469420226193124179e-02 -9.971714626806327253e-01 8.357641044057607244e-03 3.051941990517576997e+01 9.972062566151358443e-01 7.469724898575369476e-02 5.255081750081547209e-05 1.395087050004231166e+01 -6.766949695538771077e-04 8.330366698286264387e-03 9.999650729273449334e-01 -1.894503432391868303e-02
5.571141718128602704e-02 -9.984224042980599512e-01 6.995755236880457292e-03 3.051799536645729916e+01 9.984466510779116399e-01 5.571510976931304260e-02 3.339082156713266657e-04 1.428288438019789730e+01 -7.231507144474830402e-04 6.966285888120529388e-03 9.999754736562138646e-01 -1.579469874617756009e-02
4.928871571190140966e-02 -9.987769901444373266e-01 3.891845512105045115e-03 3.052839217256537907e+01 9.987828706469344953e-01 4.929545101633381332e-02 1.654028828444690548e-03 1.462257998716376761e+01 -1.843856214691230993e-03 3.805583675990165289e-03 9.999910588235999542e-01 -1.440890799866116623e-02
5.525222642322857869e-02 -9.984667611855539970e-01 3.364265582068396050e-03 3.054434665528384230e+01 9.984706545322326043e-01 5.525816695258589650e-02 1.699124190832380921e-03 1.480115243643170508e+01 -1.882422176879207376e-03 3.265240063235036114e-03 9.999928973218147332e-01 -1.196194418389752434e-02
5.503945201206617011e-02 -9.984819910614975980e-01 2.090992127858399500e-03 3.056173661760394467e+01 9.984840234088144806e-01 5.504049740102545663e-02 4.456940580729068947e-04 1.513188218739012392e+01 -5.601067372878692054e-04 2.063291476018846819e-03 9.999977145517522370e-01 -1.216482277105852133e-02
5.362793419682276852e-02 -9.985598587581880903e-01 1.501049835502991838e-03 3.057032414729829028e+01 9.985609335404119768e-01 5.362836242494850580e-02 2.464762046402681943e-04 1.546517800769608719e+01 -3.266200886891041429e-04 1.485671715347018206e-03 9.999988430487666280e-01 -1.349499110667608942e-02
5.591271339749004365e-02 -9.984350937301310625e-01 1.063996538916251247e-03 3.058074950181147145e+01 9.984356593405107061e-01 5.591273639300675669e-02 -8.144086830006369224e-06 1.564677036921469799e+01 -5.135961590603240010e-05 1.062787443861678898e-03 9.999994339223592377e-01 -1.528032409936024363e-02
5.790213287697276723e-02 -9.983218948028780293e-01 8.586998828072551267e-04 3.060340504562476838e+01 9.983222092270864767e-01 5.790239347516468182e-02 2.817690479341085786e-04 1.600596096585215733e+01 -3.310169883217656847e-04 8.409441352130804688e-04 9.999995916202740753e-01 -1.951026834547704703e-02
5.564757871718339910e-02 -9.984499037030926116e-01 1.066198011652662097e-03 3.061819697889851000e+01 9.984503497957769591e-01 5.564700969085389914e-02 -5.561520986073714787e-04 1.636884591602924033e+01 4.959592782119979539e-04 1.095494295372142785e-03 9.999992769580602348e-01 -1.679690318800391990e-02
5.617183361919086959e-02 -9.984208042739018962e-01 7.891140051819319715e-04 3.062983023113588033e+01 9.984207798573178083e-01 5.617244582281810672e-02 7.763242803136819912e-04 1.654376400627024069e+01 -8.194247760322536690e-04 7.442602621417574718e-04 9.999993873096616470e-01 -1.696679849219900199e-02
5.312271125206602385e-02 -9.985877774766442894e-01 6.543878711467763327e-04 3.065018223884475290e+01 9.985879873088105985e-01 5.312276238100710479e-02 6.098811402456251691e-05 1.689073105063116742e+01 -9.566487662022343016e-05 6.502240131966215576e-04 9.999997840284586825e-01 -1.405694116196920182e-02
5.943349691166344151e-02 -9.982320159470537968e-01 7.083665238759046662e-04 3.067146755748548870e+01 9.982313685486038368e-01 5.943438066647288576e-02 1.299707803453579915e-03 1.706918298190067773e+01 -1.339511266415010973e-03 6.298675048400379298e-04 9.999989044876467226e-01 -1.470202207119729321e-02
5.418158148423712905e-02 -9.985301404944233461e-01 1.383745660966838580e-03 3.067947456350665547e+01 9.985306116222538719e-01 5.418287257423060055e-02 9.132211628812333254e-04 1.740721213198716910e+01 -9.868541708975891655e-04 1.332232634325077741e-03 9.999986256365822612e-01 -1.479462401648518402e-02
5.415481356451468109e-02 -9.985320210721163603e-01 1.029107102028449733e-03 3.068936849593922389e+01 9.985300037518004546e-01 5.415697472612679420e-02 2.203110515439930198e-03 1.758239549765895759e+01 -2.255609722942497966e-03 9.082852792238007601e-04 9.999970436169445254e-01 -1.949781384397128448e-02
5.391506542270252389e-02 -9.985452952162766627e-01 6.775853490942146612e-04 3.069691228405488559e+01 9.985441268236460166e-01 5.391611311118471583e-02 1.636927910762844742e-03 1.791392929469752460e+01 -1.671079432224692896e-03 5.883437953587505008e-04 9.999984306713234350e-01 -2.208139749786926231e-02
5.376027933664895286e-02 -9.985537955305182622e-01 3.870364867375817707e-04 3.071932829485709604e+01 9.985513554447688067e-01 5.376100982468579037e-02 2.223592149113635431e-03 1.824719221864592456e+01 -2.241183852575293241e-03 2.669348733712641197e-04 9.999974529171123949e-01 -1.824104848686568248e-02
5.350826692139476481e-02 -9.985672326129546583e-01 5.893409662237138235e-04 3.073223743517598905e+01 9.985663987312540790e-01 5.350904209572604486e-02 1.389150421001118102e-03 1.841918405281174387e+01 -1.418695162152607946e-03 5.141650547459155045e-04 9.999988614685185739e-01 -2.368267025425001629e-02
5.263091764432370478e-02 -9.986140281720617962e-01 9.615552702171826192e-05 3.075142494853150765e+01 9.986130044180182574e-01 5.263100138840604014e-02 1.430069953831207118e-03 1.876937417423243915e+01 -1.433148678839398730e-03 2.075626576484364706e-05 9.999989728264933042e-01 -1.926586030221654616e-02
5.759469656341975607e-02 -9.983400338877527203e-01 -1.663272944333447521e-04 3.076322109714584840e+01 9.983394005946922833e-01 5.759446873184259630e-02 1.148212405300040075e-03 1.892802647341539313e+01 -1.136726879459086514e-03 -2.321820365007326603e-04 9.999993269715252708e-01 -1.577984134491691032e-02
5.523645746024974379e-02 -9.984732779337401887e-01 2.168397887981493859e-04 3.078615405537838967e+01 9.984726138873516454e-01 5.523667298706824713e-02 1.161582661451426813e-03 1.925842956575483811e+01 -1.171786756074832481e-03 1.523468794502440011e-04 9.999993018528695599e-01 -1.934228137153577026e-02
5.551545057210172107e-02 -9.984577694309685336e-01 3.426524648151028961e-04 3.079209414476472162e+01 9.984562728290856670e-01 5.551596657298918380e-02 1.746053755557005430e-03 1.943907889934842359e+01 -1.762383620862840918e-03 2.451905419321294367e-04 9.999984169415324642e-01 -2.513428142362503920e-02
5.440586445129214077e-02 -9.985188987150535045e-01 1.040297291786616276e-04 3.080441029432402544e+01 9.985182184060081845e-01 5.440594889256900046e-02 1.166291726155560884e-03 1.976334158514321615e+01 -1.170224166110331310e-03 4.042247027685372772e-05 9.999993144704775183e-01 -2.864223724668099255e-02
5.418884588887451503e-02 -9.985307048601965718e-01 2.079977728256231792e-05 3.081032645496602740e+01 9.985304082481429866e-01 5.418884583008487521e-02 7.699294773315986523e-04 1.992996782141547030e+01 -7.699253396170288068e-04 -2.095237969099622609e-05 9.999997033879406416e-01 -1.982007000353648574e-02
4.960706016799132367e-02 -9.987687168575498653e-01 -4.356698442656856476e-04 3.084238407716296138e+01 9.987681051327907955e-01 4.960650141826816739e-02 1.211274739359897989e-03 2.027457057936316787e+01 -1.188171260444985692e-03 -4.952209236961316189e-04 9.999991715023031080e-01 -1.968291070203637486e-02
4.979204584271113010e-02 -9.987595281078447407e-01 -3.964651217157762718e-04 3.084985737312953802e+01 9.987589089677646470e-01 4.979153788127577140e-02 1.201878919914041617e-03 2.041910646937700946e+01 -1.180647414769598605e-03 -4.558170826863688365e-04 9.999991991509138423e-01 -2.529898023842372390e-02
4.827883335089711014e-02 -9.988338842636814707e-01 1.609254592109233238e-04 3.085922287009349674e+01 9.988332101256593987e-01 4.827898849067691067e-02 1.165169682033398045e-03 2.077556833847848594e+01 -1.171580277724798428e-03 1.044846601101839193e-04 9.999993082410650880e-01 -2.146732358691428103e-02
4.935052087659208553e-02 -9.987814454605867809e-01 3.876762447029574342e-04 3.087967893674197128e+01 9.987795146815741099e-01 4.935119597925807788e-02 1.985071247320154518e-03 2.111387697804943286e+01 -2.001784616069511753e-03 2.892387915055981895e-04 9.999979545975443695e-01 -2.159880130879817881e-02
4.980577766070737322e-02 -9.987589187937055968e-01 -8.149626360525157997e-05 3.087277536710190518e+01 9.987578187546795050e-01 4.980560118383781099e-02 1.490492238175141013e-03 2.127312946987141729e+01 -1.484583445867117355e-03 -1.556301554945989938e-04 9.999988858950028536e-01 -2.355541667460968325e-02
4.824618871608554738e-02 -9.988353915294427843e-01 4.073114250367478126e-04 3.090608243311903180e+01 9.988319048341873785e-01 4.824710250895081209e-02 2.653862242080372996e-03 2.160884969066915673e+01 -2.670423127710368216e-03 2.787969079722783013e-04 9.999963955498054613e-01 -2.721178693889672595e-02
4.797250866992053275e-02 -9.988485464141539927e-01 4.687624622797649868e-04 3.090673180830969358e+01 9.988465152793367663e-01 4.797337226990339154e-02 2.048039887031710433e-03 2.178473131167288557e+01 -2.068169780268935744e-03 3.699721407049331523e-04 9.999977928947518802e-01 -3.255133671994861477e-02
4.543317516179157245e-02 -9.989672348804656821e-01 5.387299829642185371e-04 3.092722845128440667e+01 9.989673011376027922e-01 4.543337944556513630e-02 3.732157678217390613e-04 2.211037291589345699e+01 -3.973066473293887079e-04 5.212172597710844520e-04 9.999997852399750142e-01 -2.215428466411070024e-02
3.978344171389613937e-02 -9.992081373543734157e-01 6.131967065037859099e-04 3.092264682164968193e+01 9.992076929576351185e-01 3.978409956094397515e-02 1.100798076538609706e-03 2.228340187204625522e+01 -1.124321874483410772e-03 5.689173303181251215e-04 9.999992061163818224e-01 -2.217827669076905678e-02
4.256374581190647266e-02 -9.990937186048629570e-01 2.626533206825794027e-04 3.092601726925641970e+01 9.990937234310268700e-01 4.256380717552465942e-02 2.326358782760311642e-04 2.243433169089965062e+01 -2.436045700032528165e-04 2.525134297426110709e-04 9.999999384468887254e-01 -2.268534506431754000e-02
3.802555859741330035e-02 -9.992765863316371844e-01 6.007518164883007524e-04 3.093269795798917698e+01 9.992744216497843057e-01 3.802676497903434427e-02 2.143684146157611055e-03 2.276130448461663747e+01 -2.164978023881956436e-03 5.188011368623418216e-04 9.999975218546977018e-01 -2.502916184230345731e-02
3.439550688382553290e-02 -9.994081540541950304e-01 5.391810376195282743e-04 3.094414598130330063e+01 9.994071269915700828e-01 3.439628793002147411e-02 1.513239931757646073e-03 2.292903945785618802e+01 -1.530890153055373959e-03 4.868127172460163642e-04 9.999987096935263331e-01 -2.833504234640125963e-02
2.918557108215302787e-02 -9.995731132654298579e-01 1.339282444287215323e-03 3.094803687439560846e+01 9.995739680208416411e-01 2.918515308758917737e-02 -3.305969208770667168e-04 2.326258377528087351e+01 2.913686302730108309e-04 1.348360527070621793e-03 9.999990485136525109e-01 -1.984242135099729271e-02
2.705242946719454977e-02 -9.996336589092732483e-01 8.450062611263008464e-04 3.094367407244061852e+01 9.996337603996444665e-01 2.705301744851529300e-02 6.923266546461610089e-04 2.344261118732848459e+01 -7.149329960707132611e-04 8.259676683778539733e-04 9.999994033239330005e-01 -2.474938476126349596e-02
2.482136825833791693e-02 -9.996914283877174068e-01 9.734916074067201299e-04 3.095943615921133940e+01 9.996907981547831223e-01 2.482277643114227939e-02 1.462140520842514528e-03 2.377133489124746646e+01 -1.485854110312864523e-03 9.368982736921362565e-04 9.999984572284037476e-01 -2.973189724633280503e-02
1.731871351647784607e-02 -9.998495991253744108e-01 9.172191465350225479e-04 3.095900287484644409e+01 9.998496591027110636e-01 1.731947923253418509e-02 8.335654184253205208e-04 2.412572636399406889e+01 -8.493258074174277888e-04 9.026449703065703069e-04 9.999992319385702100e-01 -2.925779020139719286e-02
1.913278007407837045e-02 -9.998165790167642397e-01 8.631627030834457389e-04 3.096523563465752815e+01 9.998169497499941327e-01 1.913282556829154490e-02 4.447911277534395995e-05 2.429633487759869581e+01 -6.098569580789605510e-05 8.621536918522296374e-04 9.999996264858085349e-01 -2.890685152416571507e-02
1.649812041312892497e-02 -9.998638967232108543e-01 -7.232619330603106550e-06 3.096785006452422095e+01 9.998631272931733927e-01 1.649809874228347351e-02 1.240732608401938671e-03 2.463949467240936286e+01 -1.240444416160434290e-03 -2.770138535632897091e-05 9.999992302648456066e-01 -2.492313136698848589e-02
2.355378922148865239e-02 -9.997223844532506787e-01 6.107670726460544437e-04 3.096281456814144306e+01 9.997215589958700077e-01 2.355463027755766436e-02 1.408499682457068410e-03 2.479589910375570838e+01 -1.422495053629510738e-03 5.774215054099290229e-04 9.999988215454194140e-01 -3.191372847393372791e-02
1.306332959388767367e-02 -9.999141706270792129e-01 1.000399461423101457e-03 3.096389235803634676e+01 9.999124406448992586e-01 1.306540710185255527e-02 2.099090475458155122e-03 2.514285992556691696e+01 -2.111980938066909154e-03 9.728907563631150612e-04 9.999972965063922414e-01 -3.156040486018964891e-02
1.157714994055547564e-02 -9.999328102731026569e-01 5.869740962308434788e-04 3.097431696552526503e+01 9.999329413242927789e-01 1.157697889768993793e-02 -2.939628401840510639e-04 2.548825110299984331e+01 2.871477021755458646e-04 5.903379864030380494e-04 9.999997845236062721e-01 -2.547247469746584392e-02
1.241724499130836268e-02 -9.999225087261764955e-01 8.880144007406664663e-04 3.097564198084701559e+01 9.999219001938011164e-01 1.241596986709192496e-02 -1.427306931935464276e-03 2.583476527719315996e+01 1.416170768062030875e-03 9.056682668397023420e-04 9.999985871116748859e-01 -3.067926739829374139e-02
1.431968884054624080e-02 -9.998973234998261850e-01 5.375587353869340111e-04 3.097523755654623656e+01 9.998974429991575041e-01 1.431980663385168384e-02 2.159206240790550958e-04 2.602958335479764074e+01 -2.235961912501381002e-04 5.344116888241872950e-04 9.999998322044310051e-01 -3.093827284719641996e-02
1.195724493393057752e-02 -9.999284647016635219e-01 -2.996213678192833013e-04 3.099147886598112223e+01 9.999270149708308075e-01 1.195774460769682968e-02 -1.725420360728204764e-03 2.640241252671417271e+01 1.728879728063336188e-03 -2.789682260777949291e-04 9.999984665746316503e-01 -3.139037584598815267e-02
1.440035441197518029e-02 -9.998962145061650597e-01 -4.359002764209559734e-04 3.097846323117282807e+01 9.998959787254725340e-01 1.440070288806039045e-02 -8.071461822493636177e-04 2.658180916682946204e+01 8.133396825538033535e-04 -4.242317424319720859e-04 9.999995792529062788e-01 -2.578925361392903071e-02
1.313820516159347473e-02 -9.999132428666057670e-01 -9.456770697183458077e-04 3.098253002690984914e+01 9.999114487867586387e-01 1.314017228402108994e-02 -2.104865200388271549e-03 2.697157119373607159e+01 2.117108947938451616e-03 -9.179391780262878249e-04 9.999973376151398696e-01 -2.850494156119980776e-02
1.248823525237441334e-02 -9.999219761136317608e-01 -2.926863364001217982e-04 3.099485022998539918e+01 9.999216884702526453e-01 1.248846856992102961e-02 -8.093698644504851479e-04 2.717755571838418405e+01 8.129619183811294565e-04 -2.825558144119417288e-04 9.999996296274968888e-01 -3.167303125553888599e-02
1.435203401367601828e-02 -9.998970005884105783e-01 8.563860381402077851e-05 3.099079985261912284e+01 9.998962462303576659e-01 1.435191761932275156e-02 -1.232572548888443299e-03 2.759682935803428450e+01 1.231216516454193902e-03 1.033196416320186122e-04 9.999992367151793182e-01 -3.019379585768544247e-02
1.338465695836210667e-02 -9.999103089825874813e-01 4.742873117162948061e-04 3.100484446371558178e+01 9.999104057810145330e-01 1.338473926011374271e-02 1.707799346106051884e-04 2.802665736617030490e+01 -1.771128291862192469e-04 4.719589874748922982e-04 9.999998729428718480e-01 -3.365451990293792661e-02
1.192688656076124065e-02 -9.999287933488918423e-01 -3.969997432954016671e-04 3.101168398743999077e+01 9.999270696193671704e-01 1.192761798584318633e-02 -1.894035799363624631e-03 2.823543879660856604e+01 1.898636192695778158e-03 -3.743808398319811975e-04 9.999981275080441767e-01 -2.996906718533251524e-02
1.410005870373987058e-02 -9.999005881064467749e-01 -4.742291483913017175e-05 3.101603006274023855e+01 9.999005821539804773e-01 1.410006423087606375e-02 -1.183081400393083487e-04 2.843022063060065463e+01 1.189650449483314036e-04 -4.575004843540037843e-05 9.999999918771255158e-01 -2.863807907193552382e-02
1.280826537809032217e-02 -9.999179662208493857e-01 -9.574322347851528308e-05 3.101114893120076488e+01 9.999178138494281276e-01 1.280820965955842272e-02 5.615263996139833059e-04 2.885373248161909387e+01 -5.602540362015353062e-04 -1.029275338545937771e-04 9.999998377606557076e-01 -3.064682855925698890e-02
1.229525747516524437e-02 -9.999244084374929731e-01 6.367534501929339777e-05 3.101587078842504397e+01 9.999243572709874961e-01 1.229523602471360721e-02 -3.269668171977534090e-04 2.928164723358735699e+01 3.261591978691861160e-04 6.769066964570710104e-05 9.999999445190739245e-01 -2.717403285432539936e-02
9.519173166158911847e-03 -9.999546858018724116e-01 -1.080976936734109536e-04 3.100299781830334922e+01 9.999536486024511728e-01 9.519319320326125045e-03 -1.443331674820946472e-03 2.949709515568185836e+01 1.444295287867337560e-03 -9.435335904541474698e-05 9.999989525537339441e-01 -3.200537841998827432e-02
9.684980943540089093e-03 -9.999530994711726128e-01 -1.455478793672547889e-06 3.101987672631707937e+01 9.999529768706444388e-01 9.684980476854732068e-03 -4.951774421546413160e-04 2.994016808256398932e+01 4.951683143544420400e-04 3.340373738433706757e-06 9.999998773985836475e-01 -3.220207627259415173e-02
9.328966045992981293e-03 -9.999557043365614462e-01 -1.248902431857191585e-03 3.100720529687307092e+01 9.999507730830738961e-01 9.333126666122293358e-03 -3.368108845789630039e-03 3.017216531735079599e+01 3.379615817763923728e-03 -1.217419979179349332e-03 9.999935480219452888e-01 -3.303839407314723697e-02
9.736216799883234962e-03 -9.999512278041821078e-01 -1.657738017589331430e-03 3.101902685754449607e+01 9.999482883748446183e-01 9.741030853831489367e-03 -2.921111795859170340e-03 3.064241051878822120e+01 2.937117403999563343e-03 -1.629211715521177665e-03 9.999943594893628829e-01 -3.161598272633817097e-02
8.420337133007937958e-03 -9.999629841119899165e-01 -1.768708119274894127e-03 3.103307452016271739e+01 9.999596668897268170e-01 8.425809581416698890e-03 -3.109714888010149322e-03 3.114233566064835657e+01 3.124502576970226726e-03 -1.742451934030698167e-03 9.999936006519761778e-01 -2.902903895280024849e-02
1.099660586491579828e-02 -9.999386926611774085e-01 -1.298298312236896958e-03 3.102484110672237705e+01 9.999353205549842416e-01 1.100032009656659593e-02 -2.889232488836627685e-03 3.138832167205874768e+01 2.903337054696935107e-03 -1.266442588090749928e-03 9.999949833659755871e-01 -3.411349336056275494e-02
7.206930952279422264e-03 -9.999727812436495222e-01 -1.580163943872652877e-03 3.103965820807281517e+01 9.999662970316981481e-01 7.213080619787315406e-03 -3.921258558947387889e-03 3.164448737673729184e+01 3.932549677085719550e-03 -1.551850447976971942e-03 9.999910633666804216e-01 -2.984677414045385294e-02
-7.789074370964543803e-03 -9.999694561668184267e-01 6.457970898223559710e-04 3.101835862272029587e+01 9.999643637115702699e-01 -7.791134307559843819e-03 -3.251081837811859235e-03 3.218402624908537746e+01 3.256014029172782029e-03 6.204511577901871116e-04 9.999945066914130987e-01 -4.002596453067042148e-02
-3.644247629660113397e-02 -9.993322017040082716e-01 2.663936709348241165e-03 3.097165007175607343e+01 9.993308673792702379e-01 -3.645050361169754893e-02 -3.029569185475399114e-03 3.273882867800872987e+01 3.124647878981179870e-03 2.551749179165856488e-03 9.999918625427703933e-01 -3.477938730866093897e-02
-7.724829319291082186e-02 -9.969880959666796993e-01 6.887503140955852574e-03 3.092666726181708370e+01 9.970082228510854794e-01 -7.726489293444349649e-02 -2.177128188496706487e-03 3.327469453830990176e+01 2.702733080096315129e-03 6.698717829822120606e-03 9.999739108663456832e-01 -3.504954126545757609e-02
-9.223466006217195812e-02 -9.957039489494630136e-01 8.149449653856451203e-03 3.090509081647659428e+01 9.957348794873022158e-01 -9.224938694310647058e-02 -1.449269136039891583e-03 3.354178373597691376e+01 2.194824736337464260e-03 7.981018422869353562e-03 9.999657424578657361e-01 -3.378280594731879888e-02
-1.051550593456711535e-01 -9.944176355965628211e-01 8.716622542601594123e-03 3.086466324975735631e+01 9.944534546584278267e-01 -1.051699574365918544e-01 -1.267505701683159427e-03 3.380405169943922772e+01 2.177156844769175589e-03 8.534990763162214958e-03 9.999612062078938601e-01 -3.198640931777876201e-02
-1.146463746894159641e-01 -9.933765201151656399e-01 7.700522999007804875e-03 3.079855752990252782e+01 9.934054205453337616e-01 -1.146535178375795994e-01 -4.912011976578446563e-04 3.435545506232627133e+01 1.370839787431183624e-03 7.593426851693790489e-03 9.999702298903329067e-01 -4.051135717940934633e-02
-1.232697609850221809e-01 -9.923466000804418430e-01 7.265764617953496610e-03 3.072774145407707636e+01 9.923724575116369406e-01 -1.232753149099548029e-01 -3.198533510338241216e-04 3.492067312970316806e+01 1.213094806762575213e-03 7.170916443487411127e-03 9.999735528294487752e-01 -4.177260859023693845e-02
-1.214206881287729356e-01 -9.925859298194462665e-01 5.494398857111023812e-03 3.068802775862935661e+01 9.925975592007391102e-01 -1.214332517366558672e-01 -2.012670215786015182e-03 3.520633281131528491e+01 2.664950857113023916e-03 5.209347092266708619e-03 9.999828802233573510e-01 -3.356919179131988284e-02
-1.221179806775871679e-01 -9.925020228004853839e-01 5.189752611978905653e-03 3.060597681480504662e+01 9.925124183274519618e-01 -1.221291424015735760e-01 -1.889984669134430958e-03 3.575777956843608507e+01 2.509633642955137744e-03 4.920092804130099355e-03 9.999847470965629315e-01 -3.895373917934397134e-02
-1.245657129860477941e-01 -9.921999016441181984e-01 4.768472048809478323e-03 3.057387008266247008e+01 9.922073248018959957e-01 -1.245774743386440786e-01 -2.253330173299057833e-03 3.601602892376892129e+01 2.829798180614150928e-03 4.450625215311896504e-03 9.999860919920086078e-01 -3.549031036639593850e-02
-1.255057743830347849e-01 -9.920876000148916019e-01 3.239520521278278862e-03 3.047807828528638652e+01 9.920911465186784683e-01 -1.255110050020733503e-01 -1.464453011897538836e-03 3.656357077772775455e+01 1.859461150258485528e-03 3.030102318819985832e-03 9.999936804221155606e-01 -3.711470365707517788e-02
-1.263880178628207229e-01 -9.919758651268174576e-01 3.154670602413654594e-03 3.042092641091015892e+01 9.919804101509991368e-01 -1.263904183518582691e-01 -5.727351030191223102e-04 3.712612633319671573e+01 9.668595365072611778e-04 3.056984583642550525e-03 9.999948600007362298e-01 -4.068861111564391064e-02
-1.301188910826716061e-01 -9.914982408126280511e-01 5.591501404398381558e-04 3.035502482598410623e+01 9.914945590389852015e-01 -1.301167971057208828e-01 2.856310038606296037e-03 3.763968760320788931e+01 -2.759271553118346470e-03 9.260542167437383482e-04 9.999957644130718082e-01 -4.994220418911676784e-02
-1.416349005495749491e-01 -9.899189634168692464e-01 -2.853038537210632331e-05 3.028909842763441773e+01 9.899157534639677625e-01 -1.416345145612951661e-01 2.542701093543536274e-03 3.814949717235217719e+01 -2.521108918081982168e-03 3.318925385790885262e-04 9.999967669233565948e-01 -3.446202588606788603e-02
-1.511906528327362498e-01 -9.885042444561357167e-01 8.632428484893505706e-04 3.022000537547887333e+01 9.884989115240364610e-01 -1.511867536739683882e-01 3.530924712035922799e-03 3.865701103634212643e+01 -3.359823180807193933e-03 1.387157428428584032e-03 9.999933936694094250e-01 -3.781759643707868768e-02
-1.561425175843240698e-01 -9.877344932299363389e-01 2.916954407096404578e-04 3.017132646284024844e+01 9.877180089099533156e-01 -1.561416064820400074e-01 -5.738780372620785539e-03 3.889545477216179847e+01 5.713937117824386194e-03 -6.079547753386764682e-04 9.999834905205209346e-01 -3.350006159628421409e-02
-1.719004678552515930e-01 -9.851060732838955447e-01 4.031566733912987990e-03 3.006532856605773674e+01 9.850823162099716646e-01 -1.719264327565572792e-01 -7.357445888537102185e-03 3.938078974515963182e+01 7.940997515637190918e-03 2.706676705738850480e-03 9.999648066105463196e-01 -2.357948240801527318e-02
-2.046377562988075383e-01 -9.787867727744464785e-01 9.992103821229362734e-03 2.994420829260978323e+01 9.788011985485171040e-01 -2.047076944301786661e-01 -6.555422264615206468e-03 3.985492307508047105e+01 8.461821138307309628e-03 8.438796292418412545e-03 9.999285896003565766e-01 -3.345283460595069314e-02
-2.418117805332156145e-01 -9.702478927355240312e-01 1.208674636249017914e-02 2.982754506781233417e+01 9.702898731838318636e-01 -2.418879206723230091e-01 -5.272175046750233497e-03 4.030978960845477843e+01 8.038954674558739660e-03 1.045277355992827589e-02 9.999130535864831915e-01 -2.412520794048886308e-02
-2.634018816585343981e-01 -9.646068832067673515e-01 1.236970528629420529e-02 2.976172277424646495e+01 9.646556213900265853e-01 -2.634739610020526701e-01 -4.583011511080780677e-03 4.052198386307154010e+01 7.679899697612332064e-03 1.072533188368023430e-02 9.999129894128886420e-01 -2.398480456310285447e-02
-2.972385766478806701e-01 -9.547814254420620150e-01 6.454315081092907094e-03 2.959187101418108412e+01 9.548028549210348936e-01 -2.972255881834444668e-01 2.908257836998381224e-03 4.094803861828515323e+01 -8.583629668632458166e-04 7.027044885981843098e-03 9.999749416126323398e-01 -2.631586482075744249e-02
-3.278545233296026318e-01 -9.447189212381315038e-01 4.191823824982403475e-03 2.941294484251641705e+01 9.446926595532725290e-01 -3.278004565635090906e-01 1.013112347765414943e-02 4.136894282363129349e+01 -8.196982279076711619e-03 7.281519856161046758e-03 9.999398926686047240e-01 -2.116990326521477062e-02
-3.337974102985785674e-01 -9.426284138661519263e-01 5.564373293071636466e-03 2.927806318213327685e+01 9.426339670431297391e-01 -3.337593975599908447e-01 6.772644751009091260e-03 4.178348239060254343e+01 -4.526925501228126932e-03 7.505858550116059277e-03 9.999615837785629235e-01 -2.067023142304141858e-02
-3.339951925638404706e-01 -9.425639015588717085e-01 4.528004236017348430e-03 2.911720484329166325e+01 9.425695637977605790e-01 -3.339735131956726999e-01 4.930505637353175402e-03 4.218066666899919426e+01 -3.135083147734019342e-03 5.914724157402155222e-03 9.999775933948713558e-01 -1.534343753472700717e-02
-3.363574555639750052e-01 -9.417252103208267888e-01 4.158164585927861569e-03 2.905510126759429568e+01 9.417228812238017666e-01 -3.363282364891546639e-01 6.429021670291478613e-03 4.239042034194471142e+01 -4.655863622395621688e-03 6.078288105247658946e-03 9.999706882442300770e-01 -2.068037634544334091e-02
-3.362047775678753680e-01 -9.417864455470185137e-01 2.153723391879214591e-03 2.890062063347383514e+01 9.417714672877616211e-01 -3.361837549751596210e-01 6.854654875243913759e-03 4.277296316063928572e+01 -5.731574233347714112e-03 4.332882956537992616e-03 9.999741872578974400e-01 -2.065472058017819856e-02
-3.346843839016608868e-01 -9.423292574239118258e-01 1.390602482780998886e-03 2.877270287209598365e+01 9.423226447066471723e-01 -3.346753645555990975e-01 4.520357579563681789e-03 4.317135745187919582e+01 -3.794264808364143302e-03 2.823289300841292943e-03 9.999888162335055508e-01 -1.767922305549530365e-02
-3.368748571765889377e-01 -9.415490229512833986e-01 8.763456717958753844e-04 2.862901164887543715e+01 9.415414585318809815e-01 -3.368680287436724985e-01 4.428665262865246963e-03 4.354038386401448690e+01 -3.874592612273135457e-03 2.317021759911440035e-03 9.999898094192025688e-01 -2.102358325353337332e-02
-3.495011222189035038e-01 -9.369339992824868846e-01 1.909595834803922212e-03 2.849275958593326052e+01 9.369300253217459629e-01 -3.494909428154164832e-01 4.267146656030484583e-03 4.392740140280302086e+01 -3.330648333257517357e-03 3.280530218812434569e-03 9.999890723918755109e-01 -2.307676734700291055e-02
-3.718132255482566872e-01 -9.283004281820224080e-01 3.638728414583645553e-03 2.833599053542263491e+01 9.283023996921808685e-01 -3.717952332903373680e-01 4.791578896588155612e-03 4.427297365741240043e+01 -3.095162861590421231e-03 5.159412724095521763e-03 9.999819000497972565e-01 -1.978384148290525391e-02
-3.833193191560329005e-01 -9.236058802961051306e-01 4.298539776793073100e-03 2.824677647455416718e+01 9.236110002295021548e-01 -3.832980078822521008e-01 5.035614019764468596e-03 4.443613874046874912e+01 -3.003300986308565183e-03 5.900426760358838674e-03 9.999780823334235569e-01 -1.631336843087630856e-02
-4.135311101595433581e-01 -9.104695477019841832e-01 6.101117730449060264e-03 2.806002358603826607e+01 9.104800756422735120e-01 -4.134860529554367226e-01 7.437463934323143219e-03 4.478333242968709271e+01 -4.248857335353198317e-03 8.630568850253888050e-03 9.999537291758378021e-01 -2.416118013226051242e-02
-4.454801058058417418e-01 -8.952696886126182418e-01 6.297617222574142422e-03 2.789245016189413207e+01 8.952750064938955754e-01 -4.454175772709352277e-01 9.265236394509882706e-03 4.509496903048069782e+01 -5.489815895976469552e-03 9.765577789178529061e-03 9.999372457368871370e-01 -2.739598644996246724e-02
-4.747407817772637539e-01 -8.800960256440923946e-01 7.223279240443211333e-03 2.769042062038435503e+01 8.801119603100195921e-01 -4.746715960861980221e-01 9.476982021498108963e-03 4.539627116799671569e+01 -4.911968726183522232e-03 1.085640430594823035e-02 9.999290030041027011e-01 -3.046333491315552505e-02
-4.950734014328310728e-01 -8.688262741695546021e-01 6.575143068936953675e-03 2.758091163925169198e+01 8.688384936399117242e-01 -4.950111591589163584e-01 9.144631084700892421e-03 4.553086247068338821e+01 -4.690326561785571058e-03 1.024000101543335803e-02 9.999365695962657563e-01 -2.435382528261829244e-02
-5.054101463076889900e-01 -8.628501237519520251e-01 7.088578876024695385e-03 2.748822742531891095e+01 8.628674981916500952e-01 -5.053433565374920722e-01 9.368701505773339988e-03 4.567725715161557076e+01 -4.501619011360542821e-03 1.085154111923557554e-02 9.999309873594347531e-01 -2.292743868867661711e-02
-5.311936372584129540e-01 -8.472284813023671646e-01 6.100836521514861784e-03 2.727638181887668978e+01 8.472328293636257612e-01 -5.311223842522292404e-01 1.027354830293334548e-02 4.594675614004274422e+01 -5.463751887040678955e-03 1.062607247819313469e-02 9.999286144515542318e-01 -3.049809169762394967e-02
-5.618973893829122268e-01 -8.271855376089181089e-01 5.950644949355480239e-03 2.708405294248049344e+01 8.271935390035052293e-01 -5.618327975913486316e-01 9.734299231875966421e-03 4.621818502869759016e+01 -4.708804043996183027e-03 1.039201238087388533e-02 9.999349145035145714e-01 -2.628309536060257148e-02
-5.884391752687740951e-01 -8.085210241983487034e-01 5.752428900766405444e-03 2.687258276692802994e+01 8.085292839448412483e-01 -5.883763122742451390e-01 9.680504026250175142e-03 4.646227487423330160e+01 -4.442298126807300677e-03 1.034739502547296977e-02 9.999365966917799220e-01 -3.493450449130906105e-02
-6.016962602659012838e-01 -7.987060134629306862e-01 5.505855081837776610e-03 2.674066487719260010e+01 7.987136896945292719e-01 -6.016367828390889461e-01 9.466965172782308355e-03 4.658155102777589462e+01 -4.248797074530233017e-03 1.009383936786866810e-02 9.999400292668731982e-01 -3.499640895888467274e-02
-6.264004718165858687e-01 -7.794838554218794791e-01 5.231447658256255240e-03 2.652346230616978673e+01 7.794906822121570045e-01 -6.263425331322021172e-01 9.450266343456702883e-03 4.682072996311399748e+01 -4.089651865940508238e-03 9.997516000425039906e-03 9.999416605089702648e-01 -3.979329658607953790e-02
-6.507228658654393705e-01 -7.593010904258786775e-01 4.648216640921023005e-03 2.629452655681308215e+01 7.593055959152706924e-01 -6.506713646604269652e-01 9.043628845401562727e-03 4.702872677237765231e+01 -3.842375778734950093e-03 9.414312986580873621e-03 9.999483020933460642e-01 -3.283694132799361287e-02
-6.622421518354493220e-01 -7.492757623512406040e-01 4.600465772158458463e-03 2.619154109296014354e+01 7.492795589954684976e-01 -6.621883089394156041e-01 9.315899071658790762e-03 4.714061352358167056e+01 -3.933802728905082258e-03 9.616416012433818758e-03 9.999460234128469960e-01 -4.001965741053895714e-02
-6.838815557341901830e-01 -7.295834200078537002e-01 3.748463182150307046e-03 2.596966633476186814e+01 7.295832169325775496e-01 -6.838366400458943950e-01 8.705130731563830507e-03 4.732211656749337436e+01 -3.787782582932400655e-03 8.688094174557925778e-03 9.999550838526291008e-01 -3.279111744595947231e-02
-7.051437859789873031e-01 -7.090536726731460071e-01 3.889776850192571463e-03 2.573935013682491046e+01 7.090543188119384777e-01 -7.050940396277183275e-01 9.185219409698285389e-03 4.753051537776734392e+01 -3.770155084202573160e-03 9.234963464446065487e-03 9.999502494526671947e-01 -3.888208848715930810e-02
-7.159481493786148398e-01 -6.981458262173811935e-01 3.263853027817795096e-03 2.560605107792200386e+01 6.981437360659057401e-01 -7.159056903990181908e-01 8.623586623022394884e-03 4.761890067967893714e+01 -3.683910052646301257e-03 8.452679430569794497e-03 9.999574896050171802e-01 -3.288970443314803010e-02
-7.351645461129181491e-01 -6.778818322849746725e-01 3.051490873701468830e-03 2.540435039627532632e+01 6.778780340692165396e-01 -7.351202782792667367e-01 8.918934301100843801e-03 4.779196452473711787e+01 -3.802770705817482607e-03 8.625422921724646905e-03 9.999555695201564065e-01 -3.719153445219800652e-02
-7.538166572633695495e-01 -6.570802538347252364e-01 2.446886342480103418e-03 2.518510608933391381e+01 6.570736659576305039e-01 -7.537769587722216169e-01 8.630986565915859526e-03 4.794684371330965433e+01 -3.826844297880158726e-03 8.113966021238799148e-03 9.999597585993778015e-01 -3.084988948477279322e-02
-7.720607558594771991e-01 -6.355460913368695675e-01 1.831679043970004406e-03 2.498111667211571785e+01 6.355369684490927984e-01 -7.720257263740564202e-01 8.309004221186307160e-03 4.808760066960307711e+01 -3.866651811271426802e-03 7.579155826225116716e-03 9.999638020452201737e-01 -3.609238410568536837e-02
-7.887942690184979178e-01 -6.146561997830328750e-01 1.165002941636266841e-03 2.475182613379960372e+01 6.146414123189529732e-01 -7.887588292415814717e-01 8.685825004741409838e-03 4.821313805865737834e+01 -4.419889833086778144e-03 7.567388038840640319e-03 9.999615988687430290e-01 -4.109546137750758749e-02
-7.969459838292765053e-01 -6.040494728745402497e-01 1.154633438515793951e-03 2.467148429210102023e+01 6.040369874336493083e-01 -7.969137779646675579e-01 8.230935679653718709e-03 4.827549963278350731e+01 -4.051749062907119073e-03 7.257052436848360384e-03 9.999654586631780973e-01 -3.625057507697349024e-02
-8.127718989848011777e-01 -5.825814568702465390e-01 8.284513152786421829e-04 2.445538698731283844e+01 5.825681854435664775e-01 -8.127419310181629442e-01 8.053749056101873818e-03 4.840489290391354160e+01 -4.018647736637102202e-03 7.028490293745181909e-03 9.999672248601748636e-01 -3.477270235214349053e-02
-8.275517613672878081e-01 -5.613892189681877198e-01 4.765335124403788803e-04 2.426993781306528319e+01 5.613754612578201186e-01 -8.275248984582117551e-01 7.754606972417405972e-03 4.850824807874204936e+01 -3.959009405156511084e-03 6.684852879086098862e-03 9.999698190378122353e-01 -3.558671202808526973e-02
-8.351204832687511015e-01 -5.500670185238205612e-01 2.314244632792600460e-04 2.415158440420278296e+01 5.500510403347480537e-01 -8.350928655074008056e-01 7.984923625146763890e-03 4.854314591826574343e+01 -4.198982213436508459e-03 6.795668543482302065e-03 9.999680932096876029e-01 -3.902434146044195251e-02
-8.483281489380714024e-01 -5.294707834147202030e-01 2.030505061949531165e-04 2.398303122042934277e+01 5.294560489744021270e-01 -8.483015515872707191e-01 7.795497357103919542e-03 4.864544634590448169e+01 -3.955240033317433505e-03 6.720646161755827741e-03 9.999695940334623057e-01 -4.249616822894292101e-02
-8.613854130476408244e-01 -5.079518400277953649e-01 -3.136895305114349372e-04 2.377970592280773943e+01 5.079343147127048930e-01 -8.613605091658620427e-01 7.797768069211754444e-03 4.873426293778969409e+01 -4.231090412587431085e-03 6.557549992434798594e-03 9.999695477423385936e-01 -4.318231839121491195e-02
-8.732023312917462921e-01 -4.873578151204170927e-01 -2.206076001101684239e-04 2.360295087365311417e+01 4.873424954112235419e-01 -8.731782988914182919e-01 7.546556264351856648e-03 4.880200554248937550e+01 -3.870502941664532431e-03 6.482159064911999745e-03 9.999715000042930235e-01 -4.239315241609045715e-02
-8.852264203354864858e-01 -4.651598455676511645e-01 -7.090920249857009337e-04 2.342610608402418393e+01 4.651447885407062333e-01 -8.852081924325698736e-01 6.839718099757033203e-03 4.886451107243401992e+01 -3.809256284715192842e-03 5.724868709533877977e-03 9.999763574429226809e-01 -3.892160694638507890e-02
-8.967629822292519925e-01 -4.425111859741567844e-01 6.317471441379487497e-05 2.325464807331995232e+01 4.425008765629614982e-01 -8.967410968796736270e-01 6.955530752685769313e-03 4.892240982654491432e+01 -3.021248799752212187e-03 6.265417367270480209e-03 9.999758080078257061e-01 -4.360538450336076677e-02
-9.023207249213995862e-01 -4.310648740351522012e-01 -6.194758903660332622e-04 2.316712472126299360e+01 4.310521370706891786e-01 -9.023034386555146558e-01 6.523780899619619975e-03 4.895145129982316234e+01 -3.371128017768921896e-03 5.619516304167107915e-03 9.999785280356748851e-01 -3.784196068808608898e-02
-9.108945639545877881e-01 -4.126386485151312122e-01 -6.626534448332139105e-04 2.301725520948570036e+01 4.126270532996977325e-01 -9.108789305201410169e-01 6.203935822787260898e-03 4.899816016559537957e+01 -3.163580754524708376e-03 5.377702677799623548e-03 9.999805358459327165e-01 -4.164429306347719462e-02
-9.157452884877925747e-01 -4.017575402325544998e-01 -1.202280623142339827e-03 2.284338320413790058e+01 4.017476162139442808e-01 -9.157373282153213889e-01 4.898834501965845974e-03 4.906434215458350678e+01 -3.069116945117587696e-03 4.003071239889014442e-03 9.999872778899867587e-01 -3.931126205058720069e-02
-9.218042509796848805e-01 -3.876528692109780794e-01 -1.475082464917264365e-03 2.269000820494470716e+01 3.876434835848392435e-01 -9.217987647515597516e-01 4.423453030038916600e-03 4.910979036492763328e+01 -3.074493452982001059e-03 3.505751701823401137e-03 9.999891285384120421e-01 -3.578339820961046192e-02
-9.256040245178163151e-01 -3.784904293422346466e-01 -1.478070618637992561e-03 2.262414966292009311e+01 3.784810989867585240e-01 -9.255984672770243282e-01 4.419851151324896872e-03 4.913484381296964898e+01 -3.040971259032257835e-03 3.531610221313880547e-03 9.999891400525540153e-01 -3.520870192977586244e-02
-9.336241037278227850e-01 -3.582533143804047526e-01 -7.717991151491017214e-04 2.246798783651634679e+01 3.582452834135644304e-01 -9.336139948456407822e-01 5.022503389591516376e-03 4.915203458963699035e+01 -2.519890940920661588e-03 4.412636832832404765e-03 9.999870893095706981e-01 -3.435150535891386137e-02
-9.413749682038454747e-01 -3.373618461168957361e-01 -3.924586724192877197e-04 2.230828069517750123e+01 3.373559695859338903e-01 -9.413642947763039004e-01 4.920803292844830486e-03 4.919238082734701578e+01 -2.029537864643058201e-03 4.499922767382762319e-03 9.999878157613439900e-01 -3.792960748251322789e-02
-9.486941984373531422e-01 -3.161722052548519568e-01 -3.801904205985407164e-03 2.213388654881261175e+01 3.161629940404622752e-01 -9.487006502601167401e-01 2.835030053134396724e-03 4.921970118181714327e+01 -4.503226696308311287e-03 1.487555146984770706e-03 9.999887540012669662e-01 -4.133771062723926026e-02
-9.553275451926455109e-01 -2.954536354711100876e-01 -7.512035882392979237e-03 2.196424732795079748e+01 2.954650777653065608e-01 -9.553534409614246048e-01 -4.366512418585652162e-04 4.923306468876918984e+01 -7.047639132029736610e-03 -2.636689225157078098e-03 9.999716889255388930e-01 -5.206241888899397485e-02
-9.636593212045954093e-01 -2.668325937052077323e-01 -1.269171351906893223e-02 2.174267540328466097e+01 2.668490011267570239e-01 -9.637382628537438656e-01 4.138952768584977775e-04 4.926526121922351820e+01 -1.234193068975135595e-02 -2.987917033603254384e-03 9.999193712988311278e-01 -5.619121209379965287e-02
-9.659887690200392729e-01 -2.581914424241227857e-01 -1.424349627373550954e-02 2.166857553886419652e+01 2.581831231403619031e-01 -9.660928862550792751e-01 2.451540907122087831e-03 4.928324542541248121e+01 -1.439350730842819774e-02 -1.309269369318004188e-03 9.998955509257357877e-01 -5.904856271690084313e-02
-9.689157467275253399e-01 -2.468996820714021156e-01 -1.558277050090439014e-02 2.153877296232590410e+01 2.468631240448485586e-01 -9.690410049989119923e-01 4.257771426165032555e-03 4.931149258502574639e+01 -1.615158599831662684e-02 2.786103736506432942e-04 9.998695158099374369e-01 -5.894981812708750130e-02
-9.717354574948195989e-01 -2.355468551168430624e-01 -1.574419549865451601e-02 2.138281719780003698e+01 2.354934377225768316e-01 -9.718620745099202374e-01 5.191234812458300589e-03 4.933410206594663805e+01 -1.652396553305974375e-02 1.336852213292727366e-03 9.998625762519677274e-01 -5.788894415206280453e-02
-9.730519635843928317e-01 -2.300927959199095818e-01 -1.507253894725117498e-02 2.122097853647420251e+01 2.300436938810970500e-01 -9.731677740781226049e-01 4.937853923758877411e-03 4.936286007934325681e+01 -1.580427379216400863e-02 1.337445920814111632e-03 9.998742101726152409e-01 -5.362265829770455905e-02
-9.732514378828307500e-01 -2.292726203451056488e-01 -1.468687233863838308e-02 2.109434370980414286e+01 2.292305840214317048e-01 -9.733617135760417316e-01 4.507093687176286570e-03 4.940455083329410968e+01 -1.532899240640941442e-02 1.019855088082663192e-03 9.998819839798113174e-01 -5.565042071221992792e-02
-9.732665857401381349e-01 -2.292133640461780364e-01 -1.460776589245881343e-02 2.100487882327964684e+01 2.291788385805381134e-01 -9.733760410156686582e-01 4.017800833713504674e-03 4.940912362394597324e+01 -1.513978297764828271e-02 5.626004781221142885e-04 9.998852286398133282e-01 -5.563705779877228808e-02
-9.733716951289794750e-01 -2.287939509327682197e-01 -1.417290154877723016e-02 2.084273106186956426e+01 2.287640313097109024e-01 -9.734747994484158617e-01 3.719249628142048784e-03 4.945229614903085746e+01 -1.464790430972590443e-02 3.779622214985275518e-04 9.998926422591039032e-01 -5.590801109438256478e-02
